[{"id": 0, "img_name": "000000.png", "width": 346, "height": 260, "position": [-0.7221435206023703, 0.4522357028777425, -3.207707645692778], "rotation": [[0.974158953216636, -0.026661655297219727, 0.22428439536597292], [0.028566355351636846, 0.9995781050820933, -0.005251207710176809], [-0.22404976502953944, 0.011522498743920365, 0.9745095868245238]], "fy": 611.2399221001533, "fx": 611.2399221001533}, {"id": 1, "img_name": "000001.png", "width": 346, "height": 260, "position": [-1.1449532124155508, 0.47099650534733056, -2.9566389720892], "rotation": [[0.9345211178038312, -0.0387145251365398, 0.3537957969254725], [0.04574888837742557, 0.998886343422986, -0.011537423251579153], [-0.35295512404682244, 0.026967730095587433, 0.9352515287036872]], "fy": 592.6492289330951, "fx": 592.6492289330951}, {"id": 2, "img_name": "000002.png", "width": 346, "height": 260, "position": [-1.595470182601183, 0.45645132707968333, -2.7425522946380236], "rotation": [[0.8733418357654066, -0.050792706049886414, 0.4844524114028533], [0.06231479169089673, 0.9980268520983189, -0.0076986510013299075], [-0.4831054798265382, 0.03691210509914006, 0.8747837400516314]], "fy": 593.82908483516, "fx": 593.82908483516}, {"id": 3, "img_name": "000003.png", "width": 346, "height": 260, "position": [-2.0916357637923886, 0.45873444292874604, -2.5815433196984356], "rotation": [[0.7952156709865419, -0.05981514505819256, 0.6033690289027863], [0.08169428115200189, 0.9966179670266625, -0.008869736563183562], [-0.6007978703727918, 0.05634515259816046, 0.7974127806438823]], "fy": 621.7400663864818, "fx": 621.7400663864819}, {"id": 4, "img_name": "000004.png", "width": 346, "height": 260, "position": [-2.5471465474124915, 0.4271625700760791, -2.333072203252601], "rotation": [[0.7038133770024388, -0.06746132272773943, 0.7071744482716035], [0.09572212382948804, 0.995408046548836, -0.000309637533982017], [-0.7039062475656791, 0.06791016714494291, 0.7070390398247828]], "fy": 644.1133779197817, "fx": 644.1133779197817}, {"id": 5, "img_name": "000005.png", "width": 346, "height": 260, "position": [-2.686089793505398, 0.3690695020262686, -1.7512044277442615], "rotation": [[0.5901355122708264, -0.08005698237959566, 0.8033249384459085], [0.11213554604451016, 0.993553619886578, 0.016638020422413902], [-0.7994783902458832, 0.08026259391865076, 0.5953085078741114]], "fy": 595.0512350356032, "fx": 595.0512350356032}, {"id": 6, "img_name": "000006.png", "width": 346, "height": 260, "position": [-2.620718362349177, 0.3147246715904083, -1.147088779037945], "rotation": [[0.4656952968689239, -0.09285634387863566, 0.8800599922026096], [0.12867874895851797, 0.9910154487226741, 0.036471358069967624], [-0.8755396450422078, 0.09626047888146848, 0.47345987175776044]], "fy": 527.6347836496183, "fx": 527.6347836496183}, {"id": 7, "img_name": "000007.png", "width": 346, "height": 260, "position": [-3.4470460874074473, 0.25381502124862626, -0.9781470939606203], "rotation": [[0.334924355485488, -0.09060115421623886, 0.9378790470829997], [0.14000921130160257, 0.9891018815700064, 0.04555094538399975], [-0.9317848983823109, 0.11605558465389862, 0.3439593063391484]], "fy": 658.6136120563561, "fx": 658.6136120563561}, {"id": 8, "img_name": "000008.png", "width": 346, "height": 260, "position": [-2.861754064707225, 0.2396722880181457, -0.44657164374007047], "rotation": [[0.24527385085566442, -0.09616441626446, 0.9646725574675319], [0.15139258588531526, 0.9866593239379683, 0.05986370707890379], [-0.9575599318190953, 0.13136127104587186, 0.2565603115133403]], "fy": 528.0319411478749, "fx": 528.0319411478749}, {"id": 9, "img_name": "000009.png", "width": 346, "height": 260, "position": [-2.666527772021503, 0.2151177655174811, -0.08187386086317597], "rotation": [[0.14417306247835038, -0.09636264242798921, 0.984849414479142], [0.15881381361512012, 0.9845994769071855, 0.07308927882472639], [-0.9767252943692181, 0.1458701861875558, 0.1572564406343099]], "fy": 479.6469274951408, "fx": 479.64692749514074}, {"id": 10, "img_name": "000010.png", "width": 346, "height": 260, "position": [-3.0119818300184606, 0.19011918612974354, 0.3666161534407833], "rotation": [[-0.012448741741096407, -0.07041070463567302, 0.997440404987572], [0.1693202638867099, 0.9829639407315192, 0.07150202415944117], [-0.9854824590353695, 0.169776982816489, -0.0003147051496157851]], "fy": 541.6741829311173, "fx": 541.6741829311175}, {"id": 11, "img_name": "000011.png", "width": 346, "height": 260, "position": [-3.067962286575393, 0.1049252312636671, 0.7723088908480021], "rotation": [[-0.1360761598897636, -0.07272258381393003, 0.9880256598454723], [0.17192245497293285, 0.9804371262539435, 0.09584211464167727], [-0.9756669248189851, 0.18290562393303947, -0.12091147401272631]], "fy": 560.5751933949543, "fx": 560.5751933949543}, {"id": 12, "img_name": "000012.png", "width": 346, "height": 260, "position": [-2.9659464840538194, 0.04985313538305406, 1.2130397096799044], "rotation": [[-0.2710214128263231, -0.06195653166224642, 0.9605773170203474], [0.1748889611340046, 0.9781474890439705, 0.11243371803175496], [-0.9465522938871855, 0.19846631417286062, -0.25426340097534106]], "fy": 562.6897199171408, "fx": 562.6897199171408}, {"id": 13, "img_name": "000013.png", "width": 346, "height": 260, "position": [-2.8372742568850287, -0.014528562948427082, 1.6346517743897884], "rotation": [[-0.39695967927942005, -0.052740573988757054, 0.9163195102592302], [0.17182074838641853, 0.9764282649219301, 0.13063488770416645], [-0.9016100284770076, 0.20929948713956653, -0.3785407259896923]], "fy": 569.7547334787957, "fx": 569.7547334787957}, {"id": 14, "img_name": "000014.png", "width": 346, "height": 260, "position": [-2.550929534565669, -0.05607091282602401, 2.002854886820312], "rotation": [[-0.521127672310008, -0.03466907072496829, 0.8527742987964749], [0.17423794407185716, 0.9738099776657054, 0.1460659653866381], [-0.835504092149383, 0.22470465712527035, -0.5014386593271898]], "fy": 556.0669301203599, "fx": 556.0669301203599}, {"id": 15, "img_name": "000015.png", "width": 346, "height": 260, "position": [-2.3012204894346047, -0.09833869385319606, 2.3351287489874273], "rotation": [[-0.62530069750931, -0.016001700825361873, 0.7802198300896136], [0.1733383950992948, 0.971966524142091, 0.15885489206046766], [-0.7608895047763312, 0.23457412798055463, -0.6049976363618218]], "fy": 555.5258767706454, "fx": 555.5258767706454}, {"id": 16, "img_name": "000016.png", "width": 346, "height": 260, "position": [-1.9410991866882672, -0.10615511824354101, 2.5745936832111815], "rotation": [[-0.7195603294237939, 0.0050966559258973, 0.6944112300488047], [0.1646488996753452, 0.9727113825862569, 0.16347264609967843], [-0.67462854383373, 0.2319624760290026, -0.7007636816782639]], "fy": 536.2651809102914, "fx": 536.2651809102914}, {"id": 17, "img_name": "000017.png", "width": 346, "height": 260, "position": [-1.7310980302170218, -0.14659039545233035, 3.007562557006148], "rotation": [[-0.8051524355683336, 0.029814297684860037, 0.5923180422306406], [0.1550255559566798, 0.9745914970436755, 0.16167402664154137], [-0.5724479299453379, 0.2219966701185539, -0.7893166956029571]], "fy": 578.6064603029191, "fx": 578.6064603029191}, {"id": 18, "img_name": "000018.png", "width": 346, "height": 260, "position": [-1.730073785311626, -0.39042676251696473, 3.898376200580724], "rotation": [[-0.8749518591587876, 0.040784482663085306, 0.4824892435365632], [0.1513652110922888, 0.9695461986438733, 0.1925324428926248], [-0.4599432758781971, 0.24148870505495593, -0.8544796008713798]], "fy": 751.4755262165646, "fx": 751.4755262165646}, {"id": 19, "img_name": "000019.png", "width": 346, "height": 260, "position": [-2.117397092244115, -1.1481259810247963, 6.457154088227998], "rotation": [[-0.9334905515227766, 0.052096436562685984, 0.3547976205038192], [0.14248530710965707, 0.9618222511248081, 0.23365764378481843], [-0.3290795154298864, 0.2686706506834649, -0.905274960432329]], "fy": 1319.3199985083768, "fx": 1319.3199985083768}, {"id": 20, "img_name": "000020.png", "width": 346, "height": 260, "position": [-3.305381950398094, -3.6229632645469487, 14.740862991862132], "rotation": [[-0.9698837272804465, 0.06815345118794494, 0.23383896734239923], [0.13084889477676864, 0.9555455876948366, 0.2642180852489615], [-0.2054364190991592, 0.28685839176865957, -0.9356859199430176]], "fy": 3202.7998211433355, "fx": 3202.7998211433355}, {"id": 21, "img_name": "000021.png", "width": 346, "height": 260, "position": [0.024526437277051696, -0.4976755010166646, 3.931783988017061], "rotation": [[-0.9927069901052129, 0.09995706546261811, 0.06739003531940453], [0.11362174033509942, 0.9626008913317984, 0.2459463846663545], [-0.040285629192951124, 0.2518096683436303, -0.9669379292432368]], "fy": 661.2188963493597, "fx": 661.2188963493595}, {"id": 22, "img_name": "000022.png", "width": 346, "height": 260, "position": [0.6163995333482534, -0.5724468671882135, 4.233687447321157], "rotation": [[-0.9893676289886998, 0.11787200666384731, -0.08519322011942002], [0.09413784940995236, 0.9655344299984856, 0.24265475432385142], [0.11085919004641494, 0.23205485242187343, -0.9663647269275276]], "fy": 729.9495300001853, "fx": 729.9495300001853}, {"id": 23, "img_name": "000023.png", "width": 346, "height": 260, "position": [1.3303069950865567, -0.7043240114109506, 4.57250060367122], "rotation": [[-0.9632944106296175, 0.13131535116839013, -0.23413704746848701], [0.0720068403213403, 0.966623019885934, 0.2458758881499649], [0.25860953848741774, 0.21999139977308074, -0.940598155765365]], "fy": 830.0014781054014, "fx": 830.0014781054014}, {"id": 24, "img_name": "000024.png", "width": 346, "height": 260, "position": [1.4830366993539557, -0.45469766659123645, 3.4520316773318265], "rotation": [[-0.927028637333057, 0.14698721885119512, -0.3449821199117504], [0.0610364669775238, 0.9668525395105416, 0.24793288717093998], [0.36998980426940975, 0.20878439677429747, -0.9052715727339921]], "fy": 608.6183758311764, "fx": 608.6183758311763}, {"id": 25, "img_name": "000025.png", "width": 346, "height": 260, "position": [2.031238437455955, -0.4898167202988728, 3.39976594704877], "rotation": [[-0.8662444655228497, 0.15406976547889875, -0.4752715364045156], [0.0386277064510102, 0.9690706508317812, 0.24374161317018186], [0.4981249102839228, 0.19278117403352726, -0.8454034496575513]], "fy": 649.787674179089, "fx": 649.787674179089}, {"id": 26, "img_name": "000026.png", "width": 346, "height": 260, "position": [2.3852341449981544, -0.46777784241395737, 3.065574335030242], "rotation": [[-0.7973643570325817, 0.1633275000309358, -0.5809769443512042], [0.020902567318555103, 0.9695787229860894, 0.2438855932853708], [0.603136108033262, 0.18232176958966995, -0.7765214791106428]], "fy": 632.9679856165983, "fx": 632.9679856165983}, {"id": 27, "img_name": "000027.png", "width": 346, "height": 260, "position": [2.9574762929459104, -0.5405662759598029, 3.0157307783191665], "rotation": [[-0.7201577021123017, 0.16969047697085884, -0.6727391962073648], [0.0024054880155639077, 0.9702345670612776, 0.24215511249367025], [0.6938062393173874, 0.17277160329411062, -0.6991300847334821]], "fy": 703.0207454162676, "fx": 703.0207454162676}, {"id": 28, "img_name": "000028.png", "width": 346, "height": 260, "position": [3.392962479809312, -0.5230521736792209, 2.7329978094331806], "rotation": [[-0.6315475555207956, 0.1681960016404815, -0.7568736949768189], [-0.01743780405135211, 0.9728583451107088, 0.23074350118328243], [0.7751410246565292, 0.15892370930924044, -0.6114733408038471]], "fy": 729.7701862595444, "fx": 729.7701862595444}, {"id": 29, "img_name": "000029.png", "width": 346, "height": 260, "position": [3.598512747052729, -0.4741409291850431, 2.234527326991334], "rotation": [[-0.5262533801695115, 0.17753391196854942, -0.8315882935451337], [-0.028199483723303304, 0.9737803714090323, 0.22573563603522245], [0.8498600878838254, 0.14224450203656588, -0.5074488473358341]], "fy": 702.5057637402532, "fx": 702.5057637402532}, {"id": 30, "img_name": "000030.png", "width": 346, "height": 260, "position": [4.357539364071576, -0.5551661596712435, 2.0768723649998995], "rotation": [[-0.4278129636586125, 0.17582712401651357, -0.8866007503863936], [-0.04280060523226126, 0.9758559417166001, 0.21418050613480122], [0.9028533526090418, 0.12957624580334562, -0.40995831520549014]], "fy": 815.240610012515, "fx": 815.240610012515}, {"id": 31, "img_name": "000031.png", "width": 346, "height": 260, "position": [4.422793000431155, -0.4584612806089045, 1.447786826612209], "rotation": [[-0.30232780293447226, 0.1761965811938789, -0.9367778094876092], [-0.05282409803837059, 0.9781601680331213, 0.2010281083327612], [0.9517392049502045, 0.11026082916886028, -0.28641758904045655]], "fy": 776.3680222327913, "fx": 776.3680222327913}, {"id": 32, "img_name": "000032.png", "width": 346, "height": 260, "position": [4.419557756016746, -0.3193530306184735, 0.8694849664772601], "rotation": [[-0.17710051004533994, 0.16228064488662547, -0.9707215881172424], [-0.060174031170337275, 0.982681833604278, 0.17525838033271082], [0.9823515131124864, 0.08945057964772954, -0.1642683733598573]], "fy": 747.7359362011266, "fx": 747.7359362011265}, {"id": 33, "img_name": "000033.png", "width": 346, "height": 260, "position": [4.729361712548197, -0.40227279326175885, 0.23541988896008495], "rotation": [[-0.029559745648627404, 0.18229335749781225, -0.9827997523653347], [-0.06322366351270438, 0.9809196395898657, 0.18384621029251652], [0.997561521816685, 0.06757064805862595, -0.017470481152976926]], "fy": 794.5725715525448, "fx": 794.572571552545}, {"id": 34, "img_name": "000034.png", "width": 346, "height": 260, "position": [4.287497978881603, -0.22497320681021293, -0.3685821535442537], "rotation": [[0.11424018731509535, 0.16743143856932646, -0.9792425097905102], [-0.07266343503735084, 0.9844637735039611, 0.15984712655194763], [0.9907922107136211, 0.052894158816900926, 0.12463146934971059]], "fy": 719.5471062408957, "fx": 719.5471062408957}, {"id": 35, "img_name": "000035.png", "width": 346, "height": 260, "position": [4.474874306393835, -0.16477230245920665, -0.9951449416953734], "rotation": [[0.24644533766779742, 0.15090092764304966, -0.9573367252844072], [-0.078826068569496, 0.9876521200450308, 0.13538737269196507], [0.9659457264544847, 0.04209750357233817, 0.2552971870924052]], "fy": 774.9658507876707, "fx": 774.9658507876708}, {"id": 36, "img_name": "000036.png", "width": 346, "height": 260, "position": [4.648270680213393, -0.1287923459559449, -1.7408331918522422], "rotation": [[0.37911873206235824, 0.13823124899541672, -0.9149650861101731], [-0.0792522802652882, 0.9899967392082536, 0.1167284559555966], [0.921947971998519, 0.028259125219874406, 0.38628145020130783]], "fy": 850.3363364672397, "fx": 850.3363364672397}, {"id": 37, "img_name": "000037.png", "width": 346, "height": 260, "position": [3.521153491201833, 0.024371722494930893, -1.8774278102069044], "rotation": [[0.5079948299968295, 0.13170462633962962, -0.8512315455252057], [-0.07923690421579659, 0.9911961996250505, 0.10607359171421339], [0.8577078556867651, 0.013564116248230266, 0.5139584117840817]], "fy": 680.8158934340056, "fx": 680.8158934340056}, {"id": 38, "img_name": "000038.png", "width": 346, "height": 260, "position": [2.8998053584769834, 0.10098887930239722, -2.0918939615528958], "rotation": [[0.6252102559660571, 0.12186759952286227, -0.7708828860607767], [-0.07463519627617086, 0.9925426347294829, 0.09637793171195135], [0.7768794779833449, -0.002721475848021157, 0.6296434469265395]], "fy": 612.139348183205, "fx": 612.139348183205}, {"id": 39, "img_name": "000039.png", "width": 346, "height": 260, "position": [2.632460581184006, 0.1420992337763062, -2.555438447630393], "rotation": [[0.7303755555822036, 0.10832961430661404, -0.6744006542643384], [-0.07187152409644676, 0.9940507759595523, 0.0818384923997621], [0.6792540259961962, -0.011302631480867334, 0.7338162022533753]], "fy": 635.8409870451138, "fx": 635.8409870451138}, {"id": 40, "img_name": "000040.png", "width": 346, "height": 260, "position": [2.255595756885743, 0.23520373809370512, -2.8759527142310994], "rotation": [[0.8154075995538994, 0.08516063082416965, -0.5725889568856327], [-0.06500099270594542, 0.9963340465718425, 0.05561779022057019], [0.5752263185364429, -0.00813231820621956, 0.8179538788120045]], "fy": 642.0280119324642, "fx": 642.028011932464}, {"id": 41, "img_name": "000041.png", "width": 346, "height": 260, "position": [1.875930641212409, 0.3081118241393013, -3.202797652660669], "rotation": [[0.8843633909358329, 0.06429417682518018, -0.4623501396115801], [-0.05451311650945213, 0.9979168832725045, 0.034499481273167036], [0.4636051260511493, -0.005305931215457745, 0.8860260347151402]], "fy": 660.9915244652918, "fx": 660.9915244652918}, {"id": 42, "img_name": "000042.png", "width": 346, "height": 260, "position": [1.3022579486003363, 0.333360817924056, -3.158057122965891], "rotation": [[0.9398974634638315, 0.04901057733080588, -0.3379211764360985], [-0.04117180805096161, 0.9986916284047755, 0.030330077085832675], [0.3389655445558891, -0.014594336707054423, 0.9406855824025425]], "fy": 613.0229816905768, "fx": 613.0229816905768}, {"id": 43, "img_name": "000043.png", "width": 346, "height": 260, "position": [0.8248350204058068, 0.3653293712039115, -3.1075978184455804], "rotation": [[0.9756835118079047, 0.03148165800528903, -0.2169114796303605], [-0.027327919210814015, 0.9993816816272788, 0.02212327415731314], [0.21747383662822875, -0.015657574431259723, 0.9759405569731837]], "fy": 583.225952640024, "fx": 583.225952640024}, {"id": 44, "img_name": "000044.png", "width": 346, "height": 260, "position": [0.3977393612203327, 0.4162358648634956, -3.2089190809393053], "rotation": [[0.9956983503028574, 0.013235833598307198, -0.09170391438279087], [-0.01272525055443026, 0.9999001163191047, 0.006150234415694566], [0.09177615813758651, -0.004956822974339901, 0.9957673255854029]], "fy": 593.3181845424375, "fx": 593.3181845424375}, {"id": 45, "img_name": "000045.png", "width": 346, "height": 260, "position": [-0.08676207267894213, 0.4434203784296186, -3.237697658478175], "rotation": [[0.9988672360971964, -0.005815670799913933, 0.04722735038825505], [0.005933282233036687, 0.9999796354001164, -0.0023505205792897026], [-0.047212718768263245, 0.002628071193396718, 0.9988814005818265]], "fy": 598.8939685253649, "fx": 598.8939685253649}, {"id": 46, "img_name": "000046.png", "width": 346, "height": 260, "position": [-0.5786960557562355, 0.4612072437509053, -3.132686175238334], "rotation": [[0.9815226860164927, -0.02376170903983669, 0.18986468344185492], [0.025747229167864035, 0.9996364950693797, -0.007997369291421447], [-0.18960563553108625, 0.012738088903443192, 0.9817776958486789]], "fy": 592.8662250913602, "fx": 592.8662250913602}, {"id": 47, "img_name": "000047.png", "width": 346, "height": 260, "position": [-1.0340786620303082, 0.45954357088234316, -3.0482715014150625], "rotation": [[0.9476350777184528, -0.03595498718393758, 0.31732475222419176], [0.04049980702673023, 0.9991496031990901, -0.00773537703659508], [-0.3167767748878371, 0.02018190584914007, 0.948285381922529]], "fy": 599.9643584863313, "fx": 599.9643584863313}, {"id": 48, "img_name": "000048.png", "width": 346, "height": 260, "position": [-1.5045248114902543, 0.44428436628178625, -2.8635179525936327], "rotation": [[0.8916335888898907, -0.04867616163558695, 0.4501335073639372], [0.056379905895464925, 0.9984024799951734, -0.0037140477522373846], [-0.4492336244923703, 0.028690054512210194, 0.8929535438070306]], "fy": 604.7075323847699, "fx": 604.7075323847699}, {"id": 49, "img_name": "000049.png", "width": 346, "height": 260, "position": [-1.8690504089824767, 0.4560523794606366, -2.5680975599717044], "rotation": [[0.8237805402876809, -0.05890464773811532, 0.5638402822769806], [0.07683433595054853, 0.9970109854797934, -0.008098126428339467], [-0.5616779382015772, 0.04999337263537707, 0.8258441477846564]], "fy": 594.734541463451, "fx": 594.734541463451}, {"id": 50, "img_name": "000050.png", "width": 346, "height": 260, "position": [-2.4059126208021078, 0.43666049953452646, -2.4095313660996984], "rotation": [[0.733042652168161, -0.06494227768922169, 0.6770753064990661], [0.09084753928367456, 0.9958607680790658, -0.0028381696697815624], [-0.6740884175747048, 0.06359112492721981, 0.7359082647464429]], "fy": 636.3088020783981, "fx": 636.3088020783981}, {"id": 51, "img_name": "000051.png", "width": 346, "height": 260, "position": [-2.6762601814420357, 0.3823999576685063, -1.9188033775111897], "rotation": [[0.6219063996324735, -0.07674569698868408, 0.779321838581401], [0.1072304379119628, 0.9941577203100542, 0.012331274594495185], [-0.7757151946954389, 0.07589812343949767, 0.6265025232008088]], "fy": 611.9366685002125, "fx": 611.9366685002125}, {"id": 52, "img_name": "000052.png", "width": 346, "height": 260, "position": [-2.6400370429623634, 0.3355046409386783, -1.308480105251106], "rotation": [[0.5026222903505433, -0.08764593274572588, 0.8600517564169647], [0.12370930445088156, 0.9919009036052198, 0.028785507107354287], [-0.8556090469572264, 0.09192816706690145, 0.5093941213487515]], "fy": 543.589518038544, "fx": 543.589518038544}, {"id": 53, "img_name": "000053.png", "width": 346, "height": 260, "position": [-2.7229048769237174, 0.268130301596855, -0.8967299700992227], "rotation": [[0.38645415091808194, -0.10175328545802667, 0.916678492240699], [0.13732501708864078, 0.9891651137727661, 0.051905851081696625], [-0.9120279759523764, 0.10582365800428604, 0.3962402358251912]], "fy": 527.5267603520684, "fx": 527.5267603520684}, {"id": 54, "img_name": "000054.png", "width": 346, "height": 260, "position": [-2.9260985645322513, 0.2570611359716119, -0.5334233779213993], "rotation": [[0.2652112006412916, -0.09126938970730415, 0.959860884481111], [0.14872758776506284, 0.9874675636538316, 0.052800713718203066], [-0.9526505779623452, 0.12875445325899354, 0.2754617343189205]], "fy": 543.3980601295294, "fx": 543.3980601295294}, {"id": 55, "img_name": "000055.png", "width": 346, "height": 260, "position": [-2.656320999219939, 0.2399815410961681, -0.15917719698011018], "rotation": [[0.17128121425001214, -0.09094971454235175, 0.981015236920256], [0.15683361610688853, 0.9855499988408198, 0.06398762883321264], [-0.9726592221862078, 0.14289628829862802, 0.18307017312111992]], "fy": 479.5350434707112, "fx": 479.5350434707112}, {"id": 56, "img_name": "000056.png", "width": 346, "height": 260, "position": [-2.9377110352861617, 0.21363837774800287, 0.23416957841520836], "rotation": [[0.030725354452963663, -0.07161082345684855, 0.9969592983455101], [0.16667426538956776, 0.9838319761398299, 0.06553115275687846], [-0.9855331764332379, 0.1641539907788704, 0.042164267582668224]], "fy": 526.6520860302799, "fx": 526.6520860302799}, {"id": 57, "img_name": "000057.png", "width": 346, "height": 260, "position": [-3.069691524338162, 0.13097488528425125, 0.6398856616040631], "rotation": [[-0.09624183379752997, -0.07241761653426097, 0.9927201006541497], [0.17081824895989833, 0.9813515829446555, 0.08814871793902151], [-0.9805909622516225, 0.17805830356238855, -0.08207682549247064]], "fy": 556.9401277493903, "fx": 556.9401277493902}, {"id": 58, "img_name": "000058.png", "width": 346, "height": 260, "position": [-3.0283705585672083, 0.055726064612593315, 1.0601513182874298], "rotation": [[-0.22326113495381644, -0.07053074686677296, 0.9722036203211487], [0.17119173691118486, 0.9790395777518662, 0.11033990397303804], [-0.9596081777644794, 0.19106783858583526, -0.2065072062318209]], "fy": 565.5608476785852, "fx": 565.5608476785852}, {"id": 59, "img_name": "000059.png", "width": 346, "height": 260, "position": [-2.826991965322195, 0.01702513181072394, 1.4699194122367407], "rotation": [[-0.35429668864024894, -0.0556624941327515, 0.9334749826136083], [0.17255242590042982, 0.977194385253141, 0.12376103484381767], [-0.9190753596601485, 0.20492149759519465, -0.33661203645875676]], "fy": 555.0335063225067, "fx": 555.0335063225067}, {"id": 60, "img_name": "000060.png", "width": 346, "height": 260, "position": [-2.6851111485263432, -0.04154297940901222, 1.90453743893733], "rotation": [[-0.4810521965659884, -0.03859154389076799, 0.875842152970022], [0.1740876824909212, 0.974931072738604, 0.138574464508058], [-0.8592335322739545, 0.21913488117796706, -0.46227442160165044]], "fy": 567.8629676610173, "fx": 567.8629676610171}, {"id": 61, "img_name": "000061.png", "width": 346, "height": 260, "position": [-2.4599152138050857, -0.10724238195221043, 2.297320870254826], "rotation": [[-0.59646240365683, -0.022388781977412314, 0.8023287003874935], [0.17530312693725955, 0.9718440574235103, 0.15744186780087424], [-0.7832633112242241, 0.23455888491416566, -0.5757436189814763]], "fy": 576.7430366300965, "fx": 576.7430366300965}, {"id": 62, "img_name": "000062.png", "width": 346, "height": 260, "position": [-2.124975448657626, -0.12871545758987793, 2.5781304197339514], "rotation": [[-0.6933007239135665, -0.003224521925267003, 0.7206411788673186], [0.16699071542267277, 0.9720532627517341, 0.16500471307308778], [-0.7010336705063096, 0.23473827304481387, -0.673386765525125]], "fy": 562.8302707491107, "fx": 562.8302707491107}, {"id": 63, "img_name": "000063.png", "width": 346, "height": 260, "position": [-1.7780521465587118, -0.14262310545954568, 2.8923964962013473], "rotation": [[-0.7872386840244394, 0.021991352198355223, 0.6162561438265394], [0.15678327918928517, 0.9736612418680245, 0.16553787920192448], [-0.5963843205032501, 0.22693648122878826, -0.7699516710452496]], "fy": 565.2523135886917, "fx": 565.2523135886917}, {"id": 64, "img_name": "000064.png", "width": 346, "height": 260, "position": [-1.6818402973652495, -0.2892660746015103, 3.5353820739087918], "rotation": [[-0.8576087025124325, 0.03655981275260248, 0.513001650549427], [0.15092259762729976, 0.9714456807223306, 0.18307282412022743], [-0.49166012945974163, 0.23442838884704684, -0.8386379717149752]], "fy": 675.9939255430901, "fx": 675.9939255430901}, {"id": 65, "img_name": "000065.png", "width": 346, "height": 260, "position": [-2.1192189102436916, -0.9732606655584065, 5.8418069317837], "rotation": [[-0.920437779235918, 0.04766870758251794, 0.38797163410829844], [0.14583418954784177, 0.9627504979427213, 0.227692485317294], [-0.3626660774240888, 0.2661562943618925, -0.8931036576217622]], "fy": 1186.7602481984666, "fx": 1186.7602481984666}, {"id": 66, "img_name": "000066.png", "width": 346, "height": 260, "position": [-1.0330754277250493, -0.8000020279611324, 5.104139355074332], "rotation": [[-0.9639906291059394, 0.06878029445366253, 0.25688779280222984], [0.1328478439201857, 0.9613590477607804, 0.24112285593498514], [-0.23037690283900403, 0.266567162987779, -0.935878427069966]], "fy": 958.7388443494491, "fx": 958.7388443494491}, {"id": 67, "img_name": "000067.png", "width": 346, "height": 260, "position": [-0.1348039146468755, -0.464718697471764, 3.83458722900162], "rotation": [[-0.9894026002206329, 0.09268957696411576, 0.11176375530047375], [0.1176637245740154, 0.9628327538856295, 0.24312205980614957], [-0.08507492342647832, 0.2536961378642332, -0.9635354311268222]], "fy": 642.8294118495786, "fx": 642.8294118495786}, {"id": 68, "img_name": "000068.png", "width": 346, "height": 260, "position": [0.39277930854710036, -0.5732076591733547, 4.1485735631687914], "rotation": [[-0.9934663704023134, 0.11018827880784404, -0.029717235622091245], [0.09929948623161547, 0.9629320828963904, 0.2508015465720985], [0.05625107033462799, 0.2462119959347719, -0.9675822808133814]], "fy": 708.651708213473, "fx": 708.651708213473}, {"id": 69, "img_name": "000069.png", "width": 346, "height": 260, "position": [1.0759089852846382, -0.6535331839246298, 4.481971161795747], "rotation": [[-0.9745848607862876, 0.1267435803904083, -0.18471711874104146], [0.07976725037029866, 0.9668546534311723, 0.2425474487741516], [0.2093359378953695, 0.221648694939329, -0.9523918947246233]], "fy": 798.377290587358, "fx": 798.377290587358}, {"id": 70, "img_name": "000070.png", "width": 346, "height": 260, "position": [1.254083554831336, -0.39480233565790107, 3.351115332550503], "rotation": [[-0.945674327855823, 0.14115445931318268, -0.29287451963330746], [0.06928739123686752, 0.9676387955176358, 0.2426405135684646], [0.31764653791600944, 0.2091663931543068, -0.9248513918056194]], "fy": 569.4587932623091, "fx": 569.4587932623091}, {"id": 71, "img_name": "000071.png", "width": 346, "height": 260, "position": [1.9591294295666302, -0.5024827160587494, 3.524279623081108], "rotation": [[-0.8807055127745328, 0.15173033928470242, -0.4487044727981843], [0.04378167944275881, 0.9693263648241134, 0.2418461556486716], [0.4716364747490581, 0.19335020713053055, -0.8603340822545985]], "fy": 666.6101463656871, "fx": 666.6101463656872}, {"id": 72, "img_name": "000072.png", "width": 346, "height": 260, "position": [2.2287365538021757, -0.45278289036132857, 3.167341910308492], "rotation": [[-0.8268308874902119, 0.15626805252413786, -0.5403063753579639], [0.02653734590038143, 0.9703978552590988, 0.240049519435271], [0.5618242187416909, 0.1841420600212085, -0.8065018592454912]], "fy": 630.1881653253548, "fx": 630.1881653253548}, {"id": 73, "img_name": "000073.png", "width": 346, "height": 260, "position": [2.656416767100119, -0.4862202836590131, 2.945247507107145], "rotation": [[-0.7493019981440732, 0.16997231181426312, -0.6400436928787077], [0.011185877009374111, 0.9696105087079379, 0.24439790825345675], [0.6621339681158412, 0.17596839096738023, -0.7284323809713025]], "fy": 652.4233709144337, "fx": 652.4233709144337}, {"id": 74, "img_name": "000074.png", "width": 346, "height": 260, "position": [3.2008032530023707, -0.5094315069765301, 2.8161098470080246], "rotation": [[-0.6661734084823995, 0.1651618936531232, -0.7272788589776663], [-0.01264173288132254, 0.9725293407329996, 0.2324368043215065], [0.7456897320070186, 0.16403728325704325, -0.6457852532235071]], "fy": 712.2829749921333, "fx": 712.2829749921333}, {"id": 75, "img_name": "000075.png", "width": 346, "height": 260, "position": [3.3986664034861045, -0.45770917770259656, 2.295142368757474], "rotation": [[-0.5589002262315226, 0.1779776603456451, -0.809910173745362], [-0.022320948562594194, 0.9731128847361156, 0.22924460476927616], [0.8289344439541755, 0.14620282479639649, -0.5399003812259586]], "fy": 676.8583796179208, "fx": 676.8583796179208}, {"id": 76, "img_name": "000076.png", "width": 346, "height": 260, "position": [3.9698767371351806, -0.5057462968877091, 2.0978784238172423], "rotation": [[-0.46449900344073686, 0.17829000334246267, -0.8674406899095213], [-0.03569249297740819, 0.9749590325631982, 0.21950155072001357], [0.884854068051687, 0.13291937229605646, -0.4465038843289075]], "fy": 753.1960134645856, "fx": 753.1960134645856}, {"id": 77, "img_name": "000077.png", "width": 346, "height": 260, "position": [4.331954719525374, -0.48530203715705433, 1.6253884370412557], "rotation": [[-0.3438379298071516, 0.17958448059564303, -0.9216967464166969], [-0.047834340593237615, 0.9769183374202032, 0.20818846719296522], [0.9378098708618617, 0.11567184766112856, -0.32731127351913536]], "fy": 772.1350339736981, "fx": 772.1350339736981}, {"id": 78, "img_name": "000078.png", "width": 346, "height": 260, "position": [4.542837801737021, -0.3822644751034839, 1.0639634623736132], "rotation": [[-0.21519195786015835, 0.16664839217888197, -0.9622477511828778], [-0.058993348168188485, 0.9813145552024979, 0.18314346458345376], [0.974788287857532, 0.0961772173225939, -0.20133985378921834]], "fy": 776.5115993102346, "fx": 776.5115993102346}, {"id": 79, "img_name": "000079.png", "width": 346, "height": 260, "position": [4.693894564231165, -0.39258435341060016, 0.43062863747108604], "rotation": [[-0.07212693539106871, 0.17818018119742207, -0.9813508690675042], [-0.06049474572426937, 0.9813205364921418, 0.18262089255759048], [0.9955591850466993, 0.07253845660909014, -0.06000067817885529]], "fy": 788.3959797023649, "fx": 788.3959797023649}, {"id": 80, "img_name": "000080.png", "width": 346, "height": 260, "position": [4.129324432496103, -0.26633562738962135, -0.2031973353398423], "rotation": [[0.0780897012057705, 0.18298322951449028, -0.9800097633605704], [-0.07013542607082966, 0.9815843138185706, 0.17768865150928828], [0.9944762544050294, 0.05485774860284993, 0.08948523254017864]], "fy": 690.6778010309764, "fx": 690.6778010309764}, {"id": 81, "img_name": "000081.png", "width": 346, "height": 260, "position": [4.269506659093079, -0.16140724173889714, -0.7509941103691143], "rotation": [[0.20399438660305208, 0.15610886634525295, -0.9664451935225528], [-0.07785262932038516, 0.9866643645949059, 0.14294194537095556], [0.9758715378277752, 0.04608094494398415, 0.2134274775438305]], "fy": 729.0182085828294, "fx": 729.0182085828294}, {"id": 82, "img_name": "000082.png", "width": 346, "height": 260, "position": [4.250342984334067, -0.11686055421740442, -1.3773610736736044], "rotation": [[0.34028107777707545, 0.1472359115890317, -0.9287251339580609], [-0.07942211825312882, 0.9886362753411155, 0.12763401667201343], [0.9369636680464497, 0.030329876659700106, 0.3481080052839197]], "fy": 757.3079021921284, "fx": 757.3079021921284}, {"id": 83, "img_name": "000083.png", "width": 346, "height": 260, "position": [3.731120988881906, -0.000145421255797471, -1.8115300366634564], "rotation": [[0.47320206702174916, 0.13284638027653092, -0.8708798097405677], [-0.07922742404908305, 0.9909761373842952, 0.10811711434111235], [0.8773840772688382, 0.017836321995459568, 0.4794570330830319]], "fy": 707.1717817043623, "fx": 707.1717817043623}, {"id": 84, "img_name": "000084.png", "width": 346, "height": 260, "position": [3.2501251990968454, 0.07370514977030741, -2.1483325887695286], "rotation": [[0.5887488237350846, 0.12247521366106567, -0.7989835070821116], [-0.07726696689403888, 0.9924552713065748, 0.09519637746673014], [0.8046145899606528, 0.005688276933218138, 0.5937701618707201]], "fy": 668.8950997142529, "fx": 668.8950997142529}, {"id": 85, "img_name": "000085.png", "width": 346, "height": 260, "position": [2.7780347307921214, 0.13583379480722446, -2.446666592783058], "rotation": [[0.6965185450896666, 0.11076690464294052, -0.7089376624090415], [-0.0737125569337562, 0.9938314432687309, 0.08285844145697516], [0.7137425133032653, -0.005454833289199156, 0.7003869426947685]], "fy": 639.1293988336141, "fx": 639.129398833614}, {"id": 86, "img_name": "000086.png", "width": 346, "height": 260, "position": [2.2788392866949634, 0.20621843401283668, -2.666608178343972], "rotation": [[0.791790170615966, 0.09393910234871278, -0.6035261144025644], [-0.06732704047674104, 0.9955042091169577, 0.06662161249222416], [0.6070711616742989, -0.012116710788777234, 0.7945550893318085]], "fy": 613.6903190939722, "fx": 613.6903190939722}, {"id": 87, "img_name": "000087.png", "width": 346, "height": 260, "position": [1.9398589729983566, 0.29010568648479906, -3.0328414379772934], "rotation": [[0.8665616025105856, 0.07102749050247478, -0.493989964115878], [-0.05851758098710882, 0.9974537083011046, 0.040765089375498276], [0.49562756356936294, -0.006418363443749159, 0.868511440823321]], "fy": 638.9193124440171, "fx": 638.9193124440171}, {"id": 88, "img_name": "000088.png", "width": 346, "height": 260, "position": [1.493353287109208, 0.33044427629127204, -3.234426563204075], "rotation": [[0.9251070800994702, 0.05155953399310035, -0.37618945333999837], [-0.043650564655402666, 0.9986105288668753, 0.0295235472374844], [0.37718896929138446, -0.010891560523349785, 0.926072273288791]], "fy": 639.0801147492103, "fx": 639.0801147492103}, {"id": 89, "img_name": "000089.png", "width": 346, "height": 260, "position": [0.9633970666768038, 0.35589081537690037, -3.0949736424488004], "rotation": [[0.9660911097413019, 0.03737176950404284, -0.2554825209734647], [-0.03210449953638726, 0.9991778394938332, 0.02475774977565107], [0.2561977142527587, -0.015716103479308567, 0.9664966297422299]], "fy": 586.668621559342, "fx": 586.668621559342}, {"id": 90, "img_name": "000090.png", "width": 346, "height": 260, "position": [0.5494006246719741, 0.3915443131774869, -3.2226726434326878], "rotation": [[0.9907728190336412, 0.019409781465091137, -0.1341360557330102], [-0.01773570866765853, 0.9997493361124913, 0.013664171423425275], [0.1343676512490553, -0.011159091634636503, 0.990868714296552]], "fy": 597.3042255678798, "fx": 597.3042255678798}, {"id": 91, "img_name": "000091.png", "width": 346, "height": 260, "position": [0.07453213863986778, 0.4292530598423582, -3.1345954126754], "rotation": [[0.9999992978411778, -6.228262759643662e-05, 0.001183401041882938], [5.9643244343757085e-05, 0.9999975112296521, 0.002230241508283266], [-0.0011835370019708258, -0.0022301693604220175, 0.9999968127873151]], "fy": 577.9150798610406, "fx": 577.9150798610406}, {"id": 92, "img_name": "000092.png", "width": 346, "height": 260, "position": [-0.3747970607248964, 0.45971946989031487, -3.12584748724676], "rotation": [[0.9910286944861386, -0.01673080667112309, 0.13259791406064075], [0.017900954810203384, 0.9998105939482067, -0.007637541870077115], [-0.1324450169767917, 0.009942652416112509, 0.9911404850680602]], "fy": 585.3648950670452, "fx": 585.3648950670452}, {"id": 93, "img_name": "000093.png", "width": 346, "height": 260, "position": [-0.825740621769571, 0.4781925973266627, -2.9891266731111608], "rotation": [[0.9630698830807273, -0.03125615968378132, 0.2674312113136687], [0.03626210240267352, 0.9992470387186518, -0.013799113788330434], [-0.26679853866206266, 0.02298712887307232, 0.9634781428107027]], "fy": 579.6365237396569, "fx": 579.6365237396569}, {"id": 94, "img_name": "000094.png", "width": 346, "height": 260, "position": [-1.301023661454923, 0.4643557226526216, -2.9010768207116127], "rotation": [[0.9162848905509253, -0.04368052410154469, 0.39813818099033554], [0.05179597612122538, 0.9986111116175885, -0.009644926725141516], [-0.3971639160418884, 0.02945945634424151, 0.9172747484947863]], "fy": 594.6870687817155, "fx": 594.6870687817155}, {"id": 95, "img_name": "000095.png", "width": 346, "height": 260, "position": [-1.7047987129434925, 0.4608286376157106, -2.635438534224085], "rotation": [[0.8516434307207522, -0.05455473514077635, 0.5212746375797569], [0.0696492688244114, 0.9975273152836579, -0.009393328228202599], [-0.5194732392168167, 0.04430616364229268, 0.8533372824393003]], "fy": 588.0168770960433, "fx": 588.0168770960433}, {"id": 96, "img_name": "000096.png", "width": 346, "height": 260, "position": [-2.230906679513203, 0.44870753861064067, -2.4892864472582596], "rotation": [[0.7664635130559626, -0.06229970281364024, 0.6392592824380766], [0.08600713227410452, 0.9962762836911406, -0.0060282462254528215], [-0.636503304274139, 0.0596012884416277, 0.7689676391527804]], "fy": 624.9301948189487, "fx": 624.9301948189487}, {"id": 97, "img_name": "000097.png", "width": 346, "height": 260, "position": [-2.5430882571247273, 0.39052789745996086, -2.072583245255709], "rotation": [[0.6656105959530058, -0.07638407481958367, 0.7423799617911577], [0.10257672713663872, 0.994671006628929, 0.010373216556529483], [-0.7392161724455304, 0.06924638391821872, 0.6698987898998106]], "fy": 611.4715657284735, "fx": 611.4715657284733}, {"id": 98, "img_name": "000098.png", "width": 346, "height": 260, "position": [-2.650345934585849, 0.34761802903155187, -1.4995995550258658], "rotation": [[0.5438578153071046, -0.08506485528836304, 0.8348548659043397], [0.11817622211329802, 0.9926986068200772, 0.02416312364960869], [-0.8308146948967692, 0.08551869042640728, 0.5499395387961669]], "fy": 562.8752923780681, "fx": 562.8752923780681}, {"id": 99, "img_name": "000099.png", "width": 346, "height": 260, "position": [-2.5789442266652727, 0.292726026023768, -0.985904668092472], "rotation": [[0.4290650390715729, -0.09858577442986735, 0.8978775179981805], [0.13242307205701118, 0.990151313143793, 0.04543684701435459], [-0.8935140302387495, 0.09940433672474025, 0.43789434297193336]], "fy": 508.6448766770055, "fx": 508.6448766770056}, {"id": 100, "img_name": "000100.png", "wi