[{"id": 0, "img_name": "000000.png", "width": 346, "height": 260, "position": [-1.0201806999723397, -1.3022607345054824, -1.9812997795553469], "rotation": [[0.9995807880701907, 0.027465059902996917, 0.009160709879770499], [-0.02763478704817576, 0.9994385165005655, 0.018946511023156448], [-0.008635199232126118, -0.019191722686444857, 0.9997785310330224]], "fy": 141.29746679709498, "fx": 141.29746679709498}, {"id": 1, "img_name": "000001.png", "width": 346, "height": 260, "position": [2.000896843264177, -2.060826572987363, -3.3813804863899084], "rotation": [[0.999761281576656, 0.018442018383993182, -0.011716305651817263], [-0.018125425046154522, 0.9994824517765483, 0.026576259285990767], [0.012200361760971758, -0.026357552023365784, 0.9995781263234188]], "fy": 143.49573154391337, "fx": 143.49573154391334}, {"id": 2, "img_name": "000002.png", "width": 346, "height": 260, "position": [3.3387927483114934, -3.110453861241561, -4.832107560779306], "rotation": [[0.999700071649363, 0.014125446947652737, -0.020005961431221905], [-0.013381235122784265, 0.9992309519669622, 0.03685711841404994], [0.020511199156735205, -0.036578359445546244, 0.9991202702024541]], "fy": 146.4694018520316, "fx": 146.4694018520316}, {"id": 3, "img_name": "000003.png", "width": 346, "height": 260, "position": [2.1654763822726415, -2.2357912263805484, -4.0997950346316765], "rotation": [[0.9998485096006788, 0.015692940625940743, -0.0075292405866628186], [-0.015471724922607866, 0.9994714630610354, 0.0285905623336199], [0.00797393110205417, -0.02846974079868218, 0.9995628495905776]], "fy": 146.26009382745573, "fx": 146.26009382745573}, {"id": 4, "img_name": "000004.png", "width": 346, "height": 260, "position": [0.24773373550162905, 0.18938832190792657, -5.301474105835994], "rotation": [[0.9994139684637207, 0.03414095417367004, -0.002472829898859303], [-0.03411102218498483, 0.9993544431576006, 0.011275420464767273], [0.0028561871599744864, -0.011184461957250424, 0.9999333727832241]], "fy": 146.23254751722874, "fx": 146.23254751722874}, {"id": 5, "img_name": "000005.png", "width": 346, "height": 260, "position": [-0.2564473866766105, 0.7584926918333919, -2.838426399660095], "rotation": [[0.9991912271527177, 0.03992943455898939, -0.004746771202142275], [-0.039889779205212646, 0.999170649117258, 0.008174316947404356], [0.005069230316871425, -0.007978358126621095, 0.9999553233547976]], "fy": 140.48381323196793, "fx": 140.48381323196793}, {"id": 6, "img_name": "000006.png", "width": 346, "height": 260, "position": [-0.6831374744456826, 1.0509526274310887, -1.2098843700326047], "rotation": [[0.9991687701666085, 0.04032675942993043, -0.005959966243830003], [-0.040324763385279565, 0.9991865224586032, 0.000454747187603119], [0.005973456425579073, -0.00021403495960743414, 0.99998213584412]], "fy": 136.0593289586616, "fx": 136.0593289586616}, {"id": 7, "img_name": "000007.png", "width": 346, "height": 260, "position": [-1.0281745817509247, 1.2432525792111562, -0.19899332231990674], "rotation": [[0.9991214442772592, 0.04190868427044027, -4.204811494464407e-05], [-0.041908645157618794, 0.999121206732237, 0.0006926174782885027], [7.103785056208998e-05, -0.0006902467957105203, 0.9999997592564633]], "fy": 135.42747470475197, "fx": 135.42747470475197}, {"id": 8, "img_name": "000008.png", "width": 346, "height": 260, "position": [-2.417269283262987, 0.8589598360358025, 0.8950922384808999], "rotation": [[0.9989289164243786, 0.04406546951640893, 0.014115747501104713], [-0.04419606786365576, 0.9989816349481222, 0.009077478822222531], [-0.013701369150841965, -0.009691616618253055, 0.999859162607773]], "fy": 135.66173817778085, "fx": 135.66173817778088}, {"id": 9, "img_name": "000009.png", "width": 346, "height": 260, "position": [-1.6644697077561899, 1.0244314923902471, 0.08161338308602245], "rotation": [[0.999115792182166, 0.04103712363895597, 0.009142663487416538], [-0.04108347313670282, 0.9991435019411283, 0.004940725032285652], [-0.008932079669870656, -0.005311968774369527, 0.9999459990122024]], "fy": 136.81536460528451, "fx": 136.81536460528451}, {"id": 10, "img_name": "000010.png", "width": 346, "height": 260, "position": [-1.8627277622019738, 0.9384325816785904, 0.8515633834420596], "rotation": [[0.9990915425575976, 0.040545940215406494, 0.013119311031033117], [-0.04063743157727605, 0.9991509283110174, 0.006783922908956468], [-0.012833111262765231, -0.007310895108065752, 0.9998909250853497]], "fy": 136.18541448657248, "fx": 136.18541448657248}, {"id": 11, "img_name": "000011.png", "width": 346, "height": 260, "position": [-1.2758274891028705, 1.1771207263098578, 1.4822961340161513], "rotation": [[0.9991116355766841, 0.04088613990256159, 0.010210936252424797], [-0.040927105903330145, 0.9991547725688262, 0.0038356818578634735], [-0.010045479463943956, -0.004250178443936933, 0.9999405103932602]], "fy": 134.87846235484142, "fx": 134.87846235484142}, {"id": 12, "img_name": "000012.png", "width": 346, "height": 260, "position": [-1.3559577275653114, 1.119162534989137, 1.5877419653690525], "rotation": [[0.999176216999018, 0.03820685947482558, 0.013679300881336797], [-0.038255281282973695, 0.999262564001963, 0.0032956999534685806], [-0.013543294927445557, -0.0038162905148405447, 0.9999010026443691]], "fy": 135.53289876052452, "fx": 135.53289876052452}, {"id": 13, "img_name": "000013.png", "width": 346, "height": 260, "position": [-1.3322648881781034, 1.0823192952588392, 1.80650175952627], "rotation": [[0.9991625221815195, 0.037758418205522566, 0.015765662766954472], [-0.037835682652478705, 0.9992732409243738, 0.004631532221583945], [-0.015579325597900404, -0.005224158029339279, 0.9998649872791822]], "fy": 135.57222689232108, "fx": 135.57222689232108}, {"id": 14, "img_name": "000014.png", "width": 346, "height": 260, "position": [-1.3068903105526863, 1.0061886726287272, 1.9297727075986244], "rotation": [[0.9992261161798867, 0.03453739327485295, 0.018823846839529396], [-0.034614969335333146, 0.9993934563734427, 0.0038109389732165454], [-0.01868080945713714, -0.004459576630329052, 0.9998155527567595]], "fy": 135.95888801082262, "fx": 135.95888801082262}, {"id": 15, "img_name": "000015.png", "width": 346, "height": 260, "position": [-1.196762632778504, 0.9784920836472092, 2.1046532910043276], "rotation": [[0.9992700232562773, 0.034324011712104766, 0.016771488943619135], [-0.03438842614007851, 0.999402176038998, 0.0035674467233415092], [-0.016639013462552674, -0.004141587678995791, 0.9998529844344567]], "fy": 135.41555662250516, "fx": 135.4155566225052}, {"id": 16, "img_name": "000016.png", "width": 346, "height": 260, "position": [-1.0366013713789914, 0.9085276739662986, 2.2176508117822844], "rotation": [[0.9993298666931754, 0.03353281844640581, 0.01467540875208625], [-0.03359052709573475, 0.9994288167785276, 0.0037036039344277645], [-0.014542834126508251, -0.0041940767414039536, 0.999885451287224]], "fy": 134.7118159192436, "fx": 134.7118159192436}, {"id": 17, "img_name": "000017.png", "width": 346, "height": 260, "position": [-0.8220337686277707, 0.8546546617872905, 2.337275436205574], "rotation": [[0.9993003450146166, 0.03517514060760575, 0.012709442824278858], [-0.035253520266017656, 0.9993604112013932, 0.005996484990035464], [-0.012490386804336024, -0.006440342119592915, 0.9999012512397715]], "fy": 134.62650209967143, "fx": 134.62650209967146}, {"id": 18, "img_name": "000018.png", "width": 346, "height": 260, "position": [-0.5729457852313858, 0.8092996072363197, 2.423149545945736], "rotation": [[0.9994717580008732, 0.03071181935868915, 0.01062963359309021], [-0.030736371042181618, 0.9995252049656969, 0.0021540968964397257], [-0.01055843046107918, -0.0024796753741484962, 0.9999411836484372]], "fy": 133.87401811227636, "fx": 133.87401811227636}, {"id": 19, "img_name": "000019.png", "width": 346, "height": 260, "position": [-0.309137757828249, 0.7821446120525595, 2.5180708431020866], "rotation": [[0.9994454052968256, 0.032122658135871306, 0.00877591393246873], [-0.03215203378691592, 0.9994777804206524, 0.003226944184647002], [-0.008667672953519572, -0.0035073180197625576, 0.9999562841274007]], "fy": 133.71774689926124, "fx": 133.71774689926124}, {"id": 20, "img_name": "000020.png", "width": 346, "height": 260, "position": [0.004340175895083698, 0.7311037887198938, 2.5512902704377565], "rotation": [[0.9995431095003012, 0.029442229447437993, 0.006835742507812198], [-0.029460627840377052, 0.9995625429224582, 0.0026065674056123633], [-0.006756009008245651, -0.0028067617557632155, 0.9999732388572838]], "fy": 133.61292180067693, "fx": 133.61292180067693}, {"id": 21, "img_name": "000021.png", "width": 346, "height": 260, "position": [0.30841531022600693, 0.6592312542299168, 2.5687308065153225], "rotation": [[0.9994567640939104, 0.03293656924308991, 0.0011658102010010196], [-0.03294495181305779, 0.99942431960549, 0.008103056900855382], [-0.0008982521722288626, -0.0081370625902929, 0.9999664901162622]], "fy": 133.2080329805495, "fx": 133.2080329805495}, {"id": 22, "img_name": "000022.png", "width": 346, "height": 260, "position": [0.6645970488030954, 0.768688743507705, 2.748742529749514], "rotation": [[0.999500523538628, 0.031370438301481486, -0.0038208698985520997], [-0.031359733333658095, 0.9995041558078369, 0.0028301321709896235], [0.00390775782905896, -0.0027088971254664476, 0.9999886955886617]], "fy": 131.42036959547207, "fx": 131.4203695954721}, {"id": 23, "img_name": "000023.png", "width": 346, "height": 260, "position": [0.9561778394634094, 0.8566023101994098, 2.9587628749449655], "rotation": [[0.9996349007900125, 0.026429584165494804, -0.005616244597688462], [-0.02644392517899146, 0.9996471852928496, -0.002494745921155482], [0.005548328006700739, 0.0026423506433187367, 0.9999811168414171]], "fy": 130.45800839705421, "fx": 130.45800839705421}, {"id": 24, "img_name": "000024.png", "width": 346, "height": 260, "position": [1.2192730078574743, 0.8999256502005806, 3.0580908243347635], "rotation": [[0.9996338261456655, 0.025591695653586235, -0.008790832665432102], [-0.0256216950211135, 0.9996662072287292, -0.0033170573062088573], [0.00870300922798893, 0.0035410787200853373, 0.9999558582216896]], "fy": 129.84739493030597, "fx": 129.84739493030597}, {"id": 25, "img_name": "000025.png", "width": 346, "height": 260, "position": [1.5094077222689815, 0.8408712136328234, 3.0071296430719117], "rotation": [[0.9996114578291251, 0.025558253884365896, -0.011122456343515037], [-0.025594742248995436, 0.9996674358401124, -0.003150696758167592], [0.011038231105507378, 0.0034341489828973774, 0.9999331798049431]], "fy": 129.83252095527308, "fx": 129.83252095527308}, {"id": 26, "img_name": "000026.png", "width": 346, "height": 260, "position": [1.7762959633839213, 0.8396126869534787, 2.9405206209144334], "rotation": [[0.999628823491598, 0.02529981812752318, -0.010106158890390701], [-0.025317942083693794, 0.9996780555585241, -0.0016694440318592069], [0.010060668638331148, 0.0019246915189280078, 0.9999475378784163]], "fy": 130.75246704463058, "fx": 130.75246704463055}, {"id": 27, "img_name": "000027.png", "width": 346, "height": 260, "position": [2.0351092294939384, 0.8473410408434656, 2.9209374311994494], "rotation": [[0.999628146655317, 0.02337144776004937, -0.014047912444744728], [-0.023417954697584998, 0.9997207829335731, -0.003155244596785921], [0.013970247393578524, 0.0034830446857559857, 0.9998963449215521]], "fy": 130.04285514738086, "fx": 130.04285514738086}, {"id": 28, "img_name": "000028.png", "width": 346, "height": 260, "position": [1.3962879775022052, -2.7437383591862634, -3.1837204754129855], "rotation": [[0.9998186460711384, 0.015627831361066945, -0.010883283301742286], [-0.0153242371747694, 0.9995059471414665, 0.02744138086633933], [0.011306755657010788, -0.027269626249549726, 0.999564167405336]], "fy": 141.9833602660866, "fx": 141.9833602660866}, {"id": 29, "img_name": "000029.png", "width": 346, "height": 260, "position": [1.9502819716991664, -2.84736876356781, -3.469716107688287], "rotation": [[0.9998052669178743, 0.013338080717688933, -0.014543859393109712], [-0.012934974343409445, 0.999539018088333, 0.02746703037727701], [0.014903512405250993, -0.027273557189690777, 0.9995169025065095]], "fy": 142.2905348510556, "fx": 142.2905348510556}, {"id": 30, "img_name": "000030.png", "width": 346, "height": 260, "position": [2.4791450018241115, -2.899340965135537, -3.719698622037205], "rotation": [[0.9998332130192952, 0.00938343007142276, -0.015668356123322295], [-0.00893670820864747, 0.9995583435915437, 0.02834171841866126], [0.01592737862631592, -0.028196967862234926, 0.9994754872499225]], "fy": 143.26430108005601, "fx": 143.26430108005604}, {"id": 31, "img_name": "000031.png", "width": 346, "height": 260, "position": [3.041577455947711, -2.9137392879066066, -4.021787257102601], "rotation": [[0.999822930454308, 0.00904948470295818, -0.01649892615811388], [-0.008564431251505307, 0.9995358334965213, 0.029236416910297283], [0.01675584241684696, -0.029089936112432487, 0.9994363498301814]], "fy": 144.71200314602189, "fx": 144.7120031460219}, {"id": 32, "img_name": "000032.png", "width": 346, "height": 260, "position": [3.7164846826760067, -2.962346593981611, -4.400148148402479], "rotation": [[0.9997657513540152, 0.008694640612089645, -0.0198203341083827], [-0.008063046017104105, 0.999464074491052, 0.031726189349979284], [0.020085559700127324, -0.031558945267091514, 0.9993000566722497]], "fy": 145.80613788306815, "fx": 145.80613788306815}, {"id": 33, "img_name": "000033.png", "width": 346, "height": 260, "position": [4.370082445475338, -2.900458244271178, -4.7384589913949355], "rotation": [[0.9996880336514443, 0.005361710587679588, -0.024394413985225457], [-0.004667163144440296, 0.999584606780269, 0.028439962660282828], [0.024536767559965537, -0.02831723763909658, 0.9992977939984652]], "fy": 145.8364732868097, "fx": 145.8364732868097}, {"id": 34, "img_name": "000034.png", "width": 346, "height": 260, "position": [4.579728304088015, -3.0093432444125536, -4.918613901526671], "rotation": [[0.9997331041383446, 0.00886033480068814, -0.02133576708556985], [-0.008098613843395733, 0.9993358977202319, 0.035527116144062725], [0.021636380097547044, -0.03534484396510866, 0.9991409355348005]], "fy": 148.0691463126445, "fx": 148.06914631264448}, {"id": 35, "img_name": "000035.png", "width": 346, "height": 260, "position": [4.916383732488863, -3.0635359861101823, -5.475037496792557], "rotation": [[0.9996723788096815, 0.004977716675216433, -0.025106919000423274], [-0.004188757941598127, 0.999498773116418, 0.03137924227386612], [0.02525053171517862, -0.031263794962808976, 0.9991921665889022]], "fy": 148.0065041086694, "fx": 148.00650410866936}, {"id": 36, "img_name": "000036.png", "width": 346, "height": 260, "position": [2.877656659824415, -1.946112410065984, -1.300246015920669], "rotation": [[0.9999214183429591, 0.009650295666697027, -0.008001808080069499], [-0.009471954025582456, 0.9997123558523477, 0.022033784129967045], [0.008212138938314992, -0.021956259920443283, 0.9997252039557489]], "fy": 141.48484085280413, "fx": 141.48484085280413}, {"id": 37, "img_name": "000037.png", "width": 346, "height": 260, "position": [1.7589911268068106, -1.2880155616911328, -0.7168891306400436], "rotation": [[0.9998725579092695, 0.015632976742870883, -0.0032369705175240783], [-0.01557804586326177, 0.9997449459566743, 0.01635137673617713], [0.0034917656073360347, -0.016298867207359527, 0.999861067599244]], "fy": 139.64102111610492, "fx": 139.64102111610492}, {"id": 38, "img_name": "000038.png", "width": 346, "height": 260, "position": [-0.7074660047463098, -0.21202158822025963, 0.7431149134030082], "rotation": [[0.9996551730127836, 0.01995996596614844, 0.017062673513023253], [-0.02004053527982866, 0.9997887507688583, 0.004564075124686548], [-0.016967970252206713, -0.0049044464189178134, 0.9998440050282065]], "fy": 137.96229625131238, "fx": 137.9622962513124}, {"id": 39, "img_name": "000039.png", "width": 346, "height": 260, "position": [-0.6018009133582098, -0.2357282958242802, 0.5525484723656474], "rotation": [[0.999643533812541, 0.02341496336314653, 0.012827501607003468], [-0.02348812034894364, 0.9997085296864635, 0.005582461339123684], [-0.012693049643356422, -0.005881765281935055, 0.9999021408757559]], "fy": 137.50861474553034, "fx": 137.50861474553034}, {"id": 40, "img_name": "000040.png", "width": 346, "height": 260, "position": [-2.4121085199387373, 1.1353762845100461, 2.182155113688781], "rotation": [[0.9992199725746179, 0.030810075200615412, 0.024701936646996853], [-0.030621141252166615, 0.9994991213172629, -0.007990756812359888], [-0.024935759791806695, 0.007228122311626927, 0.9996629242556981]], "fy": 134.3505498296735, "fx": 134.3505498296735}, {"id": 41, "img_name": "000041.png", "width": 346, "height": 260, "position": [-2.4461631907119945, 1.1513044836888389, 2.118869401610416], "rotation": [[0.9992108081838857, 0.0349025419346322, 0.018962420072532172], [-0.03480462512114188, 0.9993791683788789, -0.005469541161497944], [-0.01914154849229054, 0.004805244722361291, 0.9998052364058091]], "fy": 133.31115588666205, "fx": 133.31115588666202}, {"id": 42, "img_name": "000042.png", "width": 346, "height": 260, "position": [-2.459211174593476, 1.1499689814624565, 1.9191513133588036], "rotation": [[0.9991947602903792, 0.03640067725292799, 0.016876661511684488], [-0.03633004441228212, 0.9993298345958189, -0.004473204633688066], [-0.017028179035158467, 0.0038564727694372102, 0.9998475727512296]], "fy": 133.3752765960238, "fx": 133.3752765960238}, {"id": 43, "img_name": "000043.png", "width": 346, "height": 260, "position": [-2.5396080533055923, 1.166978555583519, 1.7846512891292055], "rotation": [[0.9991438906332899, 0.03863625783608266, 0.014789367484659973], [-0.03858075897581966, 0.9992473998491916, -0.004019817344083922], [-0.014933547703820637, 0.0034457909184726974, 0.9998825509418214]], "fy": 133.2197764032991, "fx": 133.21977640329908}, {"id": 44, "img_name": "000044.png", "width": 346, "height": 260, "position": [-2.697906083008675, 1.1959939127694246, 1.6481801416559352], "rotation": [[0.9990885750961029, 0.03982712091897922, 0.015356417282156028], [-0.03976291655208994, 0.9991991710612201, -0.004463968844209193], [-0.015521906445737373, 0.0038492843329049173, 0.999872118538373]], "fy": 133.25957137798343, "fx": 133.2595713779834}, {"id": 45, "img_name": "000045.png", "width": 346, "height": 260, "position": [-2.9774162214849844, 1.2819020154133904, 1.6438682444193522], "rotation": [[0.999020202787584, 0.038709018139749696, 0.021453352579753948], [-0.0386125392659869, 0.999242275981433, -0.004893434670875312], [-0.021626516910666076, 0.004060271678352838, 0.9997578746677671]], "fy": 134.24662229029977, "fx": 134.24662229029983}, {"id": 46, "img_name": "000046.png", "width": 346, "height": 260, "position": [-2.9150643866564914, 1.2819291722765076, 1.6507218290723547], "rotation": [[0.9990712245714103, 0.03676596725397854, 0.022471134489874006], [-0.03661985646418385, 0.999305587731428, -0.006879566940409553], [-0.02270846419124816, 0.006050287648069407, 0.9997238216994984]], "fy": 134.27667547794405, "fx": 134.27667547794408}, {"id": 47, "img_name": "000047.png", "width": 346, "height": 260, "position": [-1.9464812022023945, 1.959233639177329, 2.9984790263678796], "rotation": [[0.9989603086846113, 0.03641066558543671, 0.027432920084665472], [-0.036205597697991455, 0.999312855986886, -0.007935398834609145], [-0.02770300287112108, 0.00693392320109011, 0.9995921489992626]], "fy": 134.79094040852897, "fx": 134.79094040852894}, {"id": 48, "img_name": "000048.png", "width": 346, "height": 260, "position": [-0.9949969565963812, -0.756160425816118, -0.42989965145193987], "rotation": [[0.999457153341672, 0.029575193602583864, 0.014515734825749282], [-0.029855691071676436, 0.9993639304930835, 0.019503131544660452], [-0.01392969291816614, -0.01992592162951044, 0.9997044169665452]], "fy": 140.65138135345458, "fx": 140.6513813534546}, {"id": 49, "img_name": "000049.png", "width": 346, "height": 260, "position": [2.0609156607681007, -2.1414420630099382, -3.151731999085482], "rotation": [[0.9997300018038425, 0.019933682532900236, -0.011940343125998952], [-0.019576351816556696, 0.9993780452582706, 0.02933068538770293], [0.012517585343964707, -0.029089017797711232, 0.999498443771035]], "fy": 143.34624106867597, "fx": 143.34624106867597}, {"id": 50, "img_name": "000050.png", "width": 346, "height": 260, "position": [2.189651108540672, -1.7985563176484438, -3.225845607786393], "rotation": [[0.9996440712960847, 0.020429157035927667, -0.017157513380144995], [-0.02003790822767243, 0.9995420856138576, 0.02267380251654416], [0.01761286338014989, -0.02232193158087521, 0.9995956774686708]], "fy": 141.9131571054979, "fx": 141.91315710549787}, {"id": 51, "img_name": "000051.png", "width": 346, "height": 260, "position": [1.9922821373094188, -2.304623519562355, -3.2740067477557817], "rotation": [[0.9997633622509495, 0.01878043819395752, -0.01097791610095425], [-0.01844955471604636, 0.9993944238210708, 0.029502534910235547], [0.011525338669915978, -0.029293015833010385, 0.999504420096255]], "fy": 143.45531982236483, "fx": 143.4553198223648}, {"id": 52, "img_name": "000052.png", "width": 346, "height": 260, "position": [3.2865298760133146, -2.9844841142214427, -4.6250042890109615], "rotation": [[0.9997182059331122, 0.014776583767269664, -0.018578517111125785], [-0.014085487527224091, 0.9992235701490026, 0.03679478087720584], [0.019107793357683808, -0.03652272485521912, 0.999150130261789]], "fy": 146.49748629243655, "fx": 146.49748629243655}, {"id": 53, "img_name": "000053.png", "width": 346, "height": 260, "position": [2.1846636920165943, -2.2996551482647334, -4.0208905788565374], "rotation": [[0.9998359141371779, 0.01629620496990424, -0.007910657687754485], [-0.016059961871643325, 0.999448611707933, 0.029061145534315363], [0.008379882228010328, -0.028929332150330812, 0.9995463327506037]], "fy": 145.93654948309285, "fx": 145.93654948309285}, {"id": 54, "img_name": "000054.png", "width": 346, "height": 260, "position": [3.1953040656345597, -2.573863710630417, -4.369561213352], "rotation": [[0.9996775691317049, 0.016269610045639194, -0.019495065116288686], [-0.01564394647025697, 0.9993709503885545, 0.03182719683404329], [0.02000061783448787, -0.03151195500821929, 0.9993032432539178]], "fy": 145.32008281997363, "fx": 145.32008281997363}, {"id": 55, "img_name": "000055.png", "width": 346, "height": 260, "position": [-0.22793993327476142, 0.8381931847544052, -2.54390386864259], "rotation": [[0.9991314449223682, 0.040885530843514796, -0.008045441876293784], [-0.040841465623388105, 0.9991501291525495, 0.005567234517888914], [0.008266223628382495, -0.005233811430264414, 0.9999521372369969]], "fy": 138.92967489730557, "fx": 138.9296748973056}, {"id": 56, "img_name": "000056.png", "width": 346, "height": 260, "position": [-0.7183111977248297, 0.9979394982376588, -1.2406690836369676], "rotation": [[0.9991727723039091, 0.040359518120217534, -0.004988024020052973], [-0.04034613711845528, 0.999181965580085, 0.0027547920315055215], [0.005095125723630186, -0.002551265690176883, 0.9999837652368355]], "fy": 136.49705767976215, "fx": 136.49705767976212}, {"id": 57, "img_name": "000057.png", "width": 346, "height": 260, "position": [-1.0544669125704853, 1.2247823813240086, -0.2707968689440019], "rotation": [[0.9991296815514923, 0.04168333276252639, 0.0015424696503186267], [-0.04168639919000189, 0.999128717793639, 0.0020123127516567503], [-0.001457245821908869, -0.002074861404326461, 0.999996785687218]], "fy": 136.13756291864706, "fx": 136.13756291864706}, {"id": 58, "img_name": "000058.png", "width": 346, "height": 260, "position": [-1.2936539226851502, 1.1861646957153504, 0.1468156273266523], "rotation": [[0.9990103065665034, 0.0444630799516745, 0.0012007893703658201], [-0.044468021906497415, 0.999000844113309, 0.004461892941265119], [-0.00100120009201446, -0.004510873763146701, 0.9999893247511538]], "fy": 135.1908872520534, "fx": 135.19088725205333}, {"id": 59, "img_name": "000059.png", "width": 346, "height": 260, "position": [-2.2420013678737196, 1.0997802771615166, 1.5960408254677845], "rotation": [[0.9989470823859418, 0.044627746959824556, 0.010634415541271843], [-0.04469146468330792, 0.9989838188629383, 0.005831177795311187], [-0.010363376721668233, -0.006300305652090168, 0.999926450581049]], "fy": 133.69946029495753, "fx": 133.6994602949575}, {"id": 60, "img_name": "000060.png", "width": 346, "height": 260, "position": [-1.8507070866044761, 0.9618362058221629, 0.8547844142794975], "rotation": [[0.9991780494810963, 0.03837020356750307, 0.013074896303222904], [-0.03843689974641499, 0.9992490718617539, 0.004888468196388202], [-0.012877506475855486, -0.0053870085958192876, 0.9999025702363971]], "fy": 136.00827547523699, "fx": 136.00827547523699}, {"id": 61, "img_name": "000061.png", "width": 346, "height": 260, "position": [-1.2716189124444273, 1.1880963760769558, 1.4635588109796285], "rotation": [[0.9991526587458287, 0.0396697596957425, 0.0109669816642402], [-0.03970155385440316, 0.9992079436816867, 0.0026966469848808986], [-0.010851319859245737, -0.0031297682178057563, 0.9999362246704613]], "fy": 134.96325182806993, "fx": 134.96325182806993}, {"id": 62, "img_name": "000062.png", "width": 346, "height": 260, "position": [-1.3474620118865128, 1.1158914958508142, 1.56909593211647], "rotation": [[0.9992443411433259, 0.03650101093657149, 0.01335750327152051], [-0.03653953335139778, 0.9993286912890242, 0.002651276867528235], [-0.013251761977279924, -0.0031373503429629216, 0.9999072696191997]], "fy": 135.3460883914383, "fx": 135.3460883914383}, {"id": 63, "img_name": "000063.png", "width": 346, "height": 260, "position": [-1.3387017112122324, 1.089347762678039, 1.7723613754514245], "rotation": [[0.999212607596488, 0.03633243691892452, 0.015941105600284243], [-0.036392406367881006, 0.9993314897725883, 0.0034880234594881713], [-0.01580372041584062, -0.004065412209271746, 0.99986684855764]], "fy": 135.53663802155333, "fx": 135.53663802155333}, {"id": 64, "img_name": "000064.png", "width": 346, "height": 260, "position": [-1.331131401026829, 1.0222750087562444, 1.8829162946855034], "rotation": [[0.9991322693936974, 0.03613070760768901, 0.02071907874322093], [-0.03619179887421239, 0.9993415290736808, 0.002581077861271842], [-0.02061217966273011, -0.003328698911747987, 0.9997820051456747]], "fy": 136.27171249026244, "fx": 136.27171249026244}, {"id": 65, "img_name": "000065.png", "width": 346, "height": 260, "position": [-1.243262578682776, 0.9744713878963506, 2.045100220261902], "rotation": [[0.9991946150118294, 0.035135596855571695, 0.019380690518263757], [-0.035255502546494726, 0.9993610323722845, 0.005880179928854589], [-0.019161703253001355, -0.006558720104131621, 0.9997948851234635]], "fy": 136.15871197197086, "fx": 136.15871197197086}, {"id": 66, "img_name": "000066.png", "width": 346, "height": 260, "position": [-1.0868850480489727, 0.9326356718469201, 2.2025117633810116], "rotation": [[0.9993446907529933, 0.03296122783023761, 0.014958159102223981], [-0.03301201253394322, 0.9994499564921581, 0.0031609328183510766], [-0.014845743237138788, -0.0036526603656133797, 0.9998831241600142]], "fy": 134.73058078559225, "fx": 134.73058078559225}, {"id": 67, "img_name": "000067.png", "width": 346, "height": 260, "position": [-0.890986121538301, 0.8872948943486404, 2.332429112515287], "rotation": [[0.9992416430634432, 0.037270106763257614, 0.011272883824737212], [-0.03735843225436715, 0.9992720418541385, 0.007728771451968862], [-0.010976625499965947, -0.008144047551204995, 0.9999065897283191]], "fy": 134.3626038618997, "fx": 134.36260386189971}, {"id": 68, "img_name": "000068.png", "width": 346, "height": 260, "position": [-0.6839407607849461, 0.83203137072945, 2.3966058956487832], "rotation": [[0.9993940222999412, 0.032687861888693916, 0.011962101666948038], [-0.032727394139966275, 0.999459432896421, 0.003124046602038103], [-0.011853516944435953, -0.003513641915459879, 0.9999235713075962]], "fy": 134.21903915626956, "fx": 134.21903915626956}, {"id": 69, "img_name": "000069.png", "width": 346, "height": 260, "position": [-0.4269383876419084, 0.8126083317322536, 2.497227088228815], "rotation": [[0.9994503077339494, 0.031960686292449046, 0.008808910388337749], [-0.03198324638923633, 0.9994854458976349, 0.0024321573163535396], [-0.008726644310358203, -0.0027125579296578316, 0.9999582429824551]], "fy": 133.53338073049812, "fx": 133.53338073049812}, {"id": 70, "img_name": "000070.png", "width": 346, "height": 260, "position": [-0.16335542431959008, 0.7707260599513459, 2.553201053528539], "rotation": [[0.999506711501855, 0.030161662697572186, 0.008752586250101552], [-0.030182905691345446, 0.9995417342010514, 0.0023051668880847923], [-0.008679047573030757, -0.0025682082611147776, 0.9999590383808491]], "fy": 133.75090907469237, "fx": 133.75090907469234}, {"id": 71, "img_name": "000071.png", "width": 346, "height": 260, "position": [0.13560098000391185, 0.7217101767041959, 2.587743156388074], "rotation": [[0.9995177316448739, 0.030810191876623826, 0.003877654447129263], [-0.03082601456562286, 0.9995164011800286, 0.004089082797394543], [-0.0037497937924272475, -0.004206643394627528, 0.9999841214728686]], "fy": 133.12023410409807, "fx": 133.12023410409807}, {"id": 72, "img_name": "000072.png", "width": 346, "height": 260, "position": [0.4322320741809546, 0.6219144854236448, 2.5190774911258935], "rotation": [[0.9994739935606274, 0.03243048238873908, -2.8293003091044467e-06], [-0.03242949888057562, 0.9994443547275379, 0.007701260001483737], [0.00025258330507098233, -0.007697117336340465, 0.9999703448534785]], "fy": 132.95795290464775, "fx": 132.95795290464775}, {"id": 73, "img_name": "000073.png", "width": 346, "height": 260, "position": [0.7614164301028022, 0.7978404179816448, 2.806796181999196], "rotation": [[0.9995197469876151, 0.03029902312465128, -0.0064995830255064075], [-0.03029472912119483, 0.9995407218531096, 0.0007581192768329371], [0.006519568182558899, -0.0005608520806080587, 0.9999785901086365]], "fy": 130.72293620961142, "fx": 130.72293620961142}, {"id": 74, "img_name": "000074.png", "width": 346, "height": 260, "position": [1.0191554245007384, 0.877011977286394, 2.9927570677467967], "rotation": [[0.9996278740468029, 0.02639874755401447, -0.006871648728568102], [-0.026420698059005657, 0.9996460328701634, -0.0031234085577717943], [0.00678676231676574, 0.0033038000126100566, 0.9999715119755824]], "fy": 130.09169949941906, "fx": 130.0916994994191}, {"id": 75, "img_name": "000075.png", "width": 346, "height": 260, "position": [1.2585512777328582, 0.9045581650393779, 3.062062198980448], "rotation": [[0.9996328592127031, 0.02549184472276183, -0.009182191180022722], [-0.025525740186539875, 0.9996677070585864, -0.003593334406540751], [0.009087539279978397, 0.003826397373322111, 0.9999513864748508]], "fy": 129.80292359581026, "fx": 129.80292359581026}, {"id": 76, "img_name": "000076.png", "width": 346, "height": 260, "position": [1.5453780131099055, 0.8136739860059813, 2.9892472452649157], "rotation": [[0.9995806671728009, 0.02663834885270132, -0.011352893233876447], [-0.026664149509020033, 0.999642184828491, -0.002127308694458878], [0.011292163005316465, 0.0024291318866377287, 0.9999332909614214]], "fy": 129.99311961985094, "fx": 129.99311961985092}, {"id": 77, "img_name": "000077.png", "width": 346, "height": 260, "position": [1.8095024486855893, 0.8327276175620786, 2.935419357780046], "rotation": [[0.9995952578369833, 0.026243256271788862, -0.010982349933777502], [-0.026260096478461736, 0.9996541750649492, -0.0013919799415470537], [0.01094202187699374, 0.0016798141173958612, 0.9999387233134708]], "fy": 130.67531176110757, "fx": 130.67531176110757}, {"id": 78, "img_name": "000078.png", "width": 346, "height": 260, "position": [0.9535319370868462, -2.683579109906515, -2.950172915051552], "rotation": [[0.9997880986714203, 0.018694658937254888, -0.008617858330586295], [-0.018435097401426667, 0.9994014161610595, 0.029273820370236705], [0.009159963907475366, -0.0291087461510916, 0.9995342795315851]], "fy": 141.6593376928215, "fx": 141.6593376928215}, {"id": 79, "img_name": "000079.png", "width": 346, "height": 260, "position": [1.4025319576554909, -2.7410507702935103, -3.1749581101989035], "rotation": [[0.9998132561219913, 0.015850337619267466, -0.011055300995290526], [-0.015540799374025893, 0.9994997698153004, 0.027544394964814898], [0.01148635875974251, -0.027367443002894485, 0.999559446269168]], "fy": 141.86187468295864, "fx": 141.86187468295861}, {"id": 80, "img_name": "000080.png", "width": 346, "height": 260, "position": [1.9325402925813018, -2.840671463806492, -3.4486322824807734], "rotation": [[0.9997967735754775, 0.013282487235376653, -0.015165324952252464], [-0.012868352130818713, 0.9995502604893138, 0.027086569904328926], [0.015518281525433431, -0.02688591245591081, 0.999518049186662]], "fy": 142.15849594242817, "fx": 142.1584959424282}, {"id": 81, "img_name": "000081.png", "width": 346, "height": 260, "position": [2.4255196510376327, -2.887988441450263, -3.6858284101100827], "rotation": [[0.9998296804771384, 0.010227668073120748, -0.015362449113645971], [-0.009794127562218877, 0.9995589389308012, 0.028035739134640796], [0.015642413569468102, -0.027880502314641165, 0.9994888656150228]], "fy": 143.15951866799594, "fx": 143.15951866799594}, {"id": 82, "img_name": "000082.png", "width": 346, "height": 260, "position": [2.9331471334953725, -2.8802848626142996, -3.9321059871748316], "rotation": [[0.9998430658127971, 0.007289279203151483, -0.0161465214447291], [-0.006851207926528997, 0.999611356970316, 0.02702213844075352], [0.016337218123476833, -0.026907274567712844, 0.9995044241419464]], "fy": 144.08133370487243, "fx": 144.0813337048724}, {"id": 83, "img_name": "000083.png", "width": 346, "height": 260, "position": [3.5628096375510414, -2.9436110438871292, -4.248382337940688], "rotation": [[0.9997802757056119, 0.006929934519462402, -0.019783233243498496], [-0.00635441163094962, 0.9995589947366802, 0.029007542016201746], [0.019975529100255462, -0.028875457547080024, 0.9993834029983747]], "fy": 144.88964725136006, "fx": 144.8896472513601}, {"id": 84, "img_name": "000084.png", "width": 346, "height": 260, "position": [4.370082420596934, -2.9004582413069206, -4.738458965383258], "rotation": [[0.9996484659471515, 0.003221553474427471, -0.02631665105438167], [-0.0025151092902969143, 0.9996367626853461, 0.026833130887377602], [0.026393536230761988, -0.026757508874569767, 0.9992934588818557]], "fy": 144.98051001337262, "fx": 144.98051001337265}, {"id": 85, "img_name": "000085.png", "width": 346, "height": 260, "position": [4.370081404444709, -2.9004576656944088, -4.738458108479208], "rotation": [[0.9997535251510531, 0.00415689744406054, -0.02180846513815387], [-0.0035160902049906993, 0.9995633078061711, 0.029339918153533817], [0.021920904582450017, -0.029256006070980674, 0.9993315566172528]], "fy": 146.55860765355987, "fx": 146.55860765355987}, {"id": 86, "img_name": "000086.png", "width": 346, "height": 260, "position": [4.370081404444122, -2.900457665694032, -4.738458108478784], "rotation": [[0.9997925612789056, 0.006320155026053049, -0.019362077672928163], [-0.005682422586021496, 0.99944522404566, 0.03281698045028382], [0.0195587444617419, -0.032700149430348074, 0.9992738141982473]], "fy": 147.6260251144996, "fx": 147.62602511449964}, {"id": 87, "img_name": "000087.png", "width": 346, "height": 260, "position": [2.648479866152633, -2.010129219601297, -1.0832384383119358], "rotation": [[0.9999416334469161, 0.007378407963646833, -0.007892325096917523], [-0.007223117454562554, 0.9997832396153996, 0.0195269136930099], [0.008034691888992073, -0.019468766783200638, 0.9997781808212212]], "fy": 140.4139444131088, "fx": 140.4139444131088}, {"id": 88, "img_name": "000088.png", "width": 346, "height": 260, "position": [2.186782276485578, -1.2169095972718658, -2.3239831841952], "rotation": [[0.9999017978676394, 0.013477943556234329, -0.0038392262967069787], [-0.013418992580116355, 0.9997976291310263, 0.014987709034858071], [0.004040452845554207, -0.014934718660682753, 0.9998803072964929]], "fy": 142.84117767028914, "fx": 142.84117767028914}, {"id": 89, "img_name": "000089.png", "width": 346, "height": 260, "position": [-0.056451146774612125, -0.4074954137326623, 0.07834387729984012], "rotation": [[0.9997396873750748, 0.020041606818401284, 0.010903737126526092], [-0.020127295849225978, 0.9997669478472807, 0.007806532772643341], [-0.010744740526671789, -0.00802396337661351, 0.9999100792385008]], "fy": 138.75479820272506, "fx": 138.75479820272506}, {"id": 90, "img_name": "000090.png", "width": 346, "height": 260, "position": [-0.7192779513087733, -0.19486772836338656, 0.7260991372111004], "rotation": [[0.9996409050956333, 0.022079408160342703, 0.015184221905385053], [-0.02217019523760098, 0.9997371719134637, 0.0058369116488511735], [-0.015051355510705272, -0.006171452807794278, 0.9998676761789689]], "fy": 137.70441886400337, "fx": 137.70441886400337}, {"id": 91, "img_name": "000091.png", "width": 346, "height": 260, "position": [-0.4874130768341396, -0.28167870257543715, 0.3683039334408009], "rotation": [[0.9996071366317157, 0.02631983180470637, 0.009635291833377226], [-0.02639325047003529, 0.9996229475008059, 0.007573582997958112], [-0.009432323391845743, -0.007824914285341763, 0.9999248981757876]], "fy": 137.54407789210205, "fx": 137.54407789210205}, {"id": 92, "img_name": "000092.png", "width": 346, "height": 260, "position": [-2.4878782351446374, 1.1518298230174524, 2.262636192680625], "rotation": [[0.9991814178948779, 0.03334045612022629, 0.022910873385288768], [-0.03318377293073698, 0.9994234373514869, -0.0071854078951543165], [-0.02313722860808432, 0.006419256828771053, 0.9997116893355321]], "fy": 133.7452304162346, "fx": 133.74523041623462}, {"id": 93, "img_name": "000093.png", "width": 346, "height": 260, "position": [-2.435582909212272, 1.1338951626886862, 2.0762462872474337], "rotation": [[0.9991749892482822, 0.036005139773192536, 0.018787516350172156], [-0.03593270445597542, 0.9993454739629564, -0.004179045373494671], [-0.018925686544340774, 0.003500511343657079, 0.9998147652486225]], "fy": 133.44036012124022, "fx": 133.44036012124022}, {"id": 94, "img_name": "000094.png", "width": 346, "height": 260, "position": [-2.4707172331597453, 1.1516055299541161, 1.907289594633958], "rotation": [[0.9991659400865426, 0.03694607496089291, 0.017389988958015055], [-0.03687348547292425, 0.9993099148945074, -0.004476612850192101], [-0.01754338165958454, 0.0038316495816480057, 0.9998387611117251]], "fy": 133.50822660523832, "fx": 133.50822660523832}, {"id": 95, "img_name": "000095.png", "width": 346, "height": 260, "position": [-2.5312660184536298, 1.1551730869040926, 1.7484314981220475], "rotation": [[0.9991268496549844, 0.038954931898539484, 0.01510137673479335], [-0.03890303086960188, 0.9992360824208475, -0.0037156126541948663], [-0.01523458196554175, 0.0031248790404367587, 0.9998790640089021]], "fy": 133.2527403782689, "fx": 133.25274037826887}, {"id": 96, "img_name": "000096.png", "width": 346, "height": 260, "position": [-2.7204604677312956, 1.19108290054978, 1.598523319231283], "rotation": [[0.9990841821030726, 0.03881618288379992, 0.018002805830366023], [-0.03874983814699267, 0.9992408579559932, -0.004019680951527274], [-0.01814516781449911, 0.0033183938436535084, 0.9998298560991676]], "fy": 133.94332072933526, "fx": 133.94332072933526}, {"id": 97, "img_name": "000097.png", "width": 346, "height": 260, "position": [-2.9805262740273797, 1.2816721682754557, 1.6526377924241442], "rotation": [[0.999057968124305, 0.037712379917958436, 0.02146980969311478], [-0.03759716930414367, 0.9992764627062072, -0.005744905715974029], [-0.02167092955206484, 0.004932289761706937, 0.9997529911583442]], "fy": 134.215881501208, "fx": 134.21588150120803}, {"id": 98, "img_name": "000098.png", "width": 346, "height": 260, "position": [-2.9138739788971972, 1.2792039323845503, 1.6472850381577389], "rotation": [[0.999051103111537