[{"id": 0, "img_name": "000000.png", "width": 346, "height": 260, "position": [0.1956059594249506, -0.18605040939916842, 1.9823492743556288], "rotation": [[0.9985149825829472, -0.043957101277652476, -0.032180783157699115], [0.054217490460178985, 0.7441567382931937, 0.6658011809699914], [-0.005319143312324633, -0.6665572159238103, 0.7454348962949895]], "fy": 370.91464742501614, "fx": 370.9146474250162}, {"id": 1, "img_name": "000001.png", "width": 346, "height": 260, "position": [0.19542054992846616, -0.18622571260700402, 1.9822179030449327], "rotation": [[0.9984944856166265, -0.04506392654224823, -0.03127306697117433], [0.05443618272225799, 0.744010138528093, 0.6659471568961285], [-0.006742714869964454, -0.6666469502607829, 0.7453431287025992]], "fy": 371.4596808079108, "fx": 371.4596808079108}, {"id": 2, "img_name": "000002.png", "width": 346, "height": 260, "position": [0.19532825581259944, -0.18639025050947375, 1.9820937685406095], "rotation": [[0.9985232387400841, -0.04453477306994259, -0.031112629005308912], [0.05393358130841195, 0.7439051051855333, 0.6661053695070694], [-0.0065200079188748004, -0.6667997064085356, 0.7452084547495612]], "fy": 371.3313741096949, "fx": 371.3313741096949}, {"id": 3, "img_name": "000003.png", "width": 346, "height": 260, "position": [0.19528079625199926, -0.1863186430518365, 1.982143385531848], "rotation": [[0.9985116686361603, -0.04470745872715576, -0.031236048591180975], [0.05414721620589945, 0.7441663213244875, 0.6657961889223544], [-0.006521240264131668, -0.6664966086489409, 0.7454795396822623]], "fy": 370.82319158398735, "fx": 370.82319158398735}, {"id": 4, "img_name": "000004.png", "width": 346, "height": 260, "position": [0.19514659063748557, -0.18652553399641744, 1.9819724825158351], "rotation": [[0.9985060807381062, -0.04507860133365399, -0.030879223287316893], [0.05418353551859006, 0.7439237999617262, 0.6660642043596181], [-0.0070534536031772585, -0.6667423037068422, 0.7452549558640726]], "fy": 371.46095084747304, "fx": 371.46095084747304}, {"id": 5, "img_name": "000005.png", "width": 346, "height": 260, "position": [0.19493536487559657, -0.18639476452225476, 1.9820550348391608], "rotation": [[0.9984705692485457, -0.046052238342001894, -0.030589437526316723], [0.05471965167129772, 0.7442116671766928, 0.6656986962275494], [-0.007891898723173576, -0.666354399536597, 0.7455934094080797]], "fy": 370.75834311030724, "fx": 370.75834311030724}, {"id": 6, "img_name": "000006.png", "width": 346, "height": 260, "position": [0.19475953061635393, -0.18646341415931764, 1.9819552630098063], "rotation": [[0.9985343297837698, -0.04473915304578159, -0.030456533420990046], [0.05365317388117465, 0.7443630658840585, 0.6656162280775321], [-0.007108387704268135, -0.6662747438800536, 0.7456724726659923]], "fy": 370.72874264143275, "fx": 370.72874264143275}, {"id": 7, "img_name": "000007.png", "width": 346, "height": 260, "position": [0.19458060955118073, -0.18656612361032335, 1.98187110548222], "rotation": [[0.9984849792552137, -0.04595161929493873, -0.030268711335113496], [0.0544337902634451, 0.7444628540976812, 0.665441223059024], [-0.00804417051476926, -0.666080706486014, 0.7458362982369668]], "fy": 370.4999648627425, "fx": 370.4999648627425}, {"id": 8, "img_name": "000008.png", "width": 346, "height": 260, "position": [0.19441401364428218, -0.18673660250864213, 1.9817113465678264], "rotation": [[0.998535802357336, -0.04414495836880734, -0.03126458157736328], [0.05374947822739951, 0.7444646234243275, 0.6654948670425311], [-0.006102868249736591, -0.6662009059737838, 0.7457473485563565]], "fy": 370.56870791522135, "fx": 370.56870791522135}, {"id": 9, "img_name": "000009.png", "width": 346, "height": 260, "position": [0.1942549208888204, -0.18690219099702576, 1.981543756846098], "rotation": [[0.9985412072901236, -0.04409186110625194, -0.03116673110497145], [0.053644790130919426, 0.744479785337999, 0.665486352763824], [-0.006139530551452426, -0.6661874788730826, 0.745759042290024]], "fy": 370.5957578545426, "fx": 370.5957578545427}, {"id": 10, "img_name": "000010.png", "width": 346, "height": 260, "position": [0.34616911611199375, 1.3625526084097987, 4.198298558873367], "rotation": [[0.9983553714538215, -0.04737364934624081, -0.03228451078956648], [0.05679432223495314, 0.74061429995188, 0.6695258498883062], [-0.0078075124831487866, -0.6702583054721559, 0.742086818838887]], "fy": 355.1173625753508, "fx": 355.11736257535085}, {"id": 11, "img_name": "000011.png", "width": 346, "height": 260, "position": [0.38280417745817646, 1.6041047618167947, 4.339540284787364], "rotation": [[0.9983859972903625, -0.04582546791762112, -0.033547382977806565], [0.05650148947411992, 0.7417266459470256, 0.6683181610426142], [-0.005743004591193076, -0.6691349708259962, 0.7431187043238509]], "fy": 353.18892368517265, "fx": 353.18892368517265}, {"id": 12, "img_name": "000012.png", "width": 346, "height": 260, "position": [0.194135971617036, -0.19037656963640595, 1.9772968722394806], "rotation": [[0.9984609752526558, -0.04612585415780351, -0.030791012905204525], [0.054911909311400185, 0.7444640345990232, 0.6654006187285378], [-0.007769370199185592, -0.6660673440176731, 0.745851144746692]], "fy": 370.77080022216865, "fx": 370.77080022216865}, {"id": 13, "img_name": "000013.png", "width": 346, "height": 260, "position": [0.3653596593285817, 0.9937086013020742, 3.3533394369580396], "rotation": [[0.9983401581455777, -0.04615679728709457, -0.03444530008667281], [0.05736854732055585, 0.7442626279285541, 0.6654186580245641], [-0.005077244547195543, -0.6662902451132543, 0.745675218077366]], "fy": 359.31348560126384, "fx": 359.3134856012638}, {"id": 14, "img_name": "000014.png", "width": 346, "height": 260, "position": [0.1876758027694626, 0.7668088278398971, 3.209504293586902], "rotation": [[0.9984617894598036, -0.04635221981637152, -0.0304224704260143], [0.05482089955452463, 0.7433047455132793, 0.6667028755521248], [-0.008289991601905257, -0.6673451333571961, 0.744702456705835]], "fy": 361.3543340142027, "fx": 361.3543340142028}, {"id": 15, "img_name": "000015.png", "width": 346, "height": 260, "position": [0.31322194216269833, -0.1460709082039706, 1.9668892997795877], "rotation": [[0.9984755538302301, -0.04427625001714781, -0.03295727670536851], [0.05497684710615426, 0.7446461850226659, 0.6651914050958988], [-0.00491067059389484, -0.6659892437687028, 0.7459451806257006]], "fy": 371.0770566774194, "fx": 371.0770566774194}, {"id": 16, "img_name": "000016.png", "width": 346, "height": 260, "position": [0.19678869585631142, -0.17927733255533868, 1.9873761377740777], "rotation": [[0.9984566753939286, -0.046111901888452274, -0.030950926731406862], [0.05500561940772426, 0.7442508058551026, 0.6656313693160824], [-0.007658276233967543, -0.6663065589413478, 0.7456385989987805]], "fy": 370.473803645961, "fx": 370.4738036459611}, {"id": 17, "img_name": "000017.png", "width": 346, "height": 260, "position": [0.40145810195015225, 0.3393460241682078, 2.42581588508495], "rotation": [[0.99840062772945, -0.04487283014323058, -0.034389179466467426], [0.05638024056614469, 0.7453317671131935, 0.664305521131375], [-0.004177920911623558, -0.665181919512896, 0.7466696451108721]], "fy": 366.68300080261923, "fx": 366.68300080261923}, {"id": 18, "img_name": "000018.png", "width": 346, "height": 260, "position": [0.1909837092589277, -0.21512902148561808, 1.9592506678170791], "rotation": [[0.9984646324019626, -0.045382653009903046, -0.03176149631545448], [0.05500179809623464, 0.7442321375387843, 0.6656525577661614], [-0.006571152759975241, -0.6663774758049934, 0.7455855951473113]], "fy": 371.12247100098557, "fx": 371.12247100098557}, {"id": 19, "img_name": "000019.png", "width": 346, "height": 260, "position": [0.2249814777969718, 0.24796658993937382, 2.399630824419728], "rotation": [[0.9984941827657784, -0.044342684149221795, -0.03229695566678973], [0.05458744610864659, 0.7447615123346447, 0.6650943545635826], [-0.005438539347640171, -0.6658558523490316, 0.7460605914952948]], "fy": 367.32074823607746, "fx": 367.32074823607746}, {"id": 20, "img_name": "000020.png", "width": 346, "height": 260, "position": [0.1755675752951935, -0.4717072292395896, 1.4770335739944092], "rotation": [[0.9985095240008457, -0.04458970852254608, -0.03147202525226073], [0.05423105812811147, 0.7457019625445745, 0.6640689537928085], [-0.006141890092630234, -0.6647859361862617, 0.7470086587416813]], "fy": 373.9699172896631, "fx": 373.9699172896631}, {"id": 21, "img_name": "000021.png", "width": 346, "height": 260, "position": [-0.6942844975805642, 0.38255692516731016, -7.890210079738574], "rotation": [[0.9992678092357987, -0.03213355065388091, -0.02076729032545691], [0.03820767511977123, 0.8096594465109097, 0.5856549788378728], [-0.0020047411377435357, -0.5860196375532324, 0.8102943696058543]], "fy": 405.2607335306089, "fx": 405.2607335306089}, {"id": 22, "img_name": "000022.png", "width": 346, "height": 260, "position": [-0.33895760154635246, 0.0637535135493984, -7.7385264488531185], "rotation": [[0.9991316282271848, -0.033349681740650894, -0.024975752318841176], [0.04166241281637367, 0.8066138743303833, 0.5896085999169671], [0.0004825291834349142, -0.5901371505552973, 0.8073028618183274]], "fy": 405.9115956512149, "fx": 405.91159565121484}, {"id": 23, "img_name": "000023.png", "width": 346, "height": 260, "position": [-0.8064504601247928, 0.4080545561262804, -7.564496235139667], "rotation": [[0.999310926910578, -0.03240445107084359, -0.01810035656882663], [0.036855010158922494, 0.808437797604034, 0.5874266214867392], [-0.004402224813328092, -0.5876889304350869, 0.8090749912466438]], "fy": 402.60910825366244, "fx": 402.60910825366244}, {"id": 24, "img_name": "000024.png", "width": 346, "height": 260, "position": [-0.6962151711734345, 0.3740083752505413, -7.900028907616872], "rotation": [[0.9992706880865364, -0.03215341624054317, -0.02059732397964205], [0.03812452414353011, 0.8097589065422433, 0.5855228722555079], [-0.0021476940865384673, -0.5858811066245205, 0.8103941734184282]], "fy": 404.3838607385574, "fx": 404.3838607385575}, {"id": 25, "img_name": "000025.png", "width": 346, "height": 260, "position": [-0.6970120294673618, 0.3698536460229472, -7.904606906609795], "rotation": [[0.9992870957666546, -0.03117262040480797, -0.021297135284879413], [0.03773978585704689, 0.8098074237552224, 0.5854806956633104], [-0.0010043892218406325, -0.5858670533218497, 0.8104065566333134]], "fy": 404.6261545631726, "fx": 404.6261545631725}, {"id": 26, "img_name": "000026.png", "width": 346, "height": 260, "position": [-0.6966687623453657, 0.36947207383414543, -7.905265368261491], "rotation": [[0.9993142198623419, -0.030402848769515316, -0.021136621480669252], [0.03702175029291636, 0.8096850896665378, 0.5856956936643288], [-0.0006928103406096051, -0.5860765499133951, 0.810255390389625]], "fy": 405.08482429226797, "fx": 405.08482429226797}, {"id": 27, "img_name": "000027.png", "width": 346, "height": 260, "position": [-0.6955696280171284, 0.3706265480234575, -7.904216678209597], "rotation": [[0.9992748102838721, -0.03212768003680108, -0.02043687127679554], [0.038009597126999264, 0.8097458752587233, 0.5855483652335879], [-0.0022636383047179884, -0.5859005288245923, 0.8103798160521326]], "fy": 404.95646488039614, "fx": 404.95646488039614}, {"id": 28, "img_name": "000028.png", "width": 346, "height": 260, "position": [-0.6948602687272492, 0.37083865234094504, -7.904117025616017], "rotation": [[0.999257546536031, -0.032126733688043835, -0.02126566888976902], [0.03849444036549708, 0.8097333149140472, 0.5855340611606257], [-0.0015917762842090019, -0.5859179393915548, 0.810368826243591]], "fy": 405.09530226097877, "fx": 405.09530226097877}, {"id": 29, "img_name": "000029.png", "width": 346, "height": 260, "position": [-0.6953240509731178, 0.36614689915006543, -7.909445597234202], "rotation": [[0.9992960560126757, -0.031225201256303448, -0.020793730882518978], [0.03748737536459037, 0.809775544777348, 0.5855410009289047], [-0.0014453808444770445, -0.5859083152567922, 0.8103760589918497]], "fy": 404.8166107396523, "fx": 404.8166107396523}, {"id": 30, "img_name": "000030.png", "width": 346, "height": 260, "position": [-0.6931765782667302, 0.3720035644819875, -7.903142283721941], "rotation": [[0.9993061101941677, -0.03086599346380537, -0.020846788148155628], [0.03722746452769947, 0.8098302276079317, 0.5854819538955274], [-0.001189122971200139, -0.5858517670025223, 0.8104173573453259]], "fy": 404.7400972840388, "fx": 404.7400972840388}, {"id": 31, "img_name": "000031.png", "width": 346, "height": 260, "position": [-0.6941080095238591, 0.36556667975167806, -7.910341085441435], "rotation": [[0.9993344046446968, -0.02978197713615055, -0.02106612283480359], [0.03647745327458452, 0.8098294672615342, 0.5855302121645819], [-0.0003782803586359328, -0.5859089244863586, 0.8103768192089458]], "fy": 404.9242848581606, "fx": 404.9242848581605}, {"id": 32, "img_name": "000032.png", "width": 346, "height": 260, "position": [-0.6931752460687939, 0.3659169898969625, -7.91016343155893], "rotation": [[0.9992975156540054, -0.03099455919920055, -0.02106685804243571], [0.037460532126298296, 0.809794527416965, 0.5855164659498047], [-0.0010879984133534022, -0.5858943255106517, 0.8103867321186046]], "fy": 405.1135432726643, "fx": 405.1135432726643}, {"id": 33, "img_name": "000033.png", "width": 346, "height": 260, "position": [-0.6923759293421081, 0.36511286450524955, -7.911172994244685], "rotation": [[0.9992880637597666, -0.03151185194585955, -0.0207453323472711], [0.037691027327598485, 0.8096677237383861, 0.5856770130330289], [-0.0016589413029787618, -0.5860419612308002, 0.8102790060161439]], "fy": 405.634410334211, "fx": 405.634410334211}, {"id": 34, "img_name": "000034.png", "width": 346, "height": 260, "position": [0.19515224863953595, -0.18316599961806374, 1.9853306435182685], "rotation": [[0.9984909329978339, -0.04338022213108428, -0.033675110229562356], [0.054785331086051034, 0.744437855148491, 0.6654403409169796], [-0.003797922972778617, -0.6662810489198773, 0.745691048378161]], "fy": 370.6574889750773, "fx": 370.6574889750773}, {"id": 35, "img_name": "000035.png", "width": 346, "height": 260, "position": [-0.7157483998545, 0.8092986486249562, -7.101649125770964], "rotation": [[0.9992448763481354, -0.0332413709077399, -0.020116867354875195], [0.03871876365119159, 0.8086497434051695, 0.5870148633825862], [-0.003245679177421162, -0.587350494807766, 0.8093261776414684]], "fy": 400.31181090897064, "fx": 400.31181090897064}, {"id": 36, "img_name": "000036.png", "width": 346, "height": 260, "position": [0.1937286624963427, -0.18623615079761452, 1.982316882590013], "rotation": [[0.9985588990020747, -0.04209281868008918, -0.033291437928233636], [0.053570206800555645, 0.7445946782240079, 0.6653638088323046], [-0.003218410649684075, -0.6661883815979164, 0.7457765630916803]], "fy": 371.4395765002406, "fx": 371.4395765002406}, {"id": 37, "img_name": "000037.png", "width": 346, "height": 260, "position": [0.19371728586523665, -0.18574737667153676, 1.9827519809893173], "rotation": [[0.9984785468374802, -0.04472391192758382, -0.03225466179031132], [0.05483965304174482, 0.7442800471987296, 0.6656123675204041], [-0.005762287703221131, -0.6663685039403876, 0.7456003037798973]], "fy": 371.1039411331017, "fx": 371.1039411331017}, {"id": 38, "img_name": "000038.png", "width": 346, "height": 260, "position": [0.19332163911317063, -0.19507335254894834, 1.9750627953595485], "rotation": [[0.9984676678404495, -0.045209353243433704, -0.031912860363249286], [0.05497211944647848, 0.7440931956467384, 0.6658103200430184], [-0.006354711702030193, -0.6665443950492234, 0.7454382516799423]], "fy": 371.133746067605, "fx": 371.133746067605}, {"id": 39, "img_name": "000039.png", "width": 346, "height": 260, "position": [0.1930217951388109, -0.196474635459111, 1.9739513567731308], "rotation": [[0.9985008857084006, -0.04437753633878038, -0.03204084125049926], [0.05443781606191016, 0.7441696935941425, 0.6657687220937984], [-0.005701352642058324, -0.6665148921100713, 0.7454699143315918]], "fy": 371.48161760639954, "fx": 371.48161760639954}, {"id": 40, "img_name": "000040.png", "width": 346, "height": 260, "position": [0.1276637258838558, -1.428926525704693, 0.4515271351716794], "rotation": [[0.9985786080158081, -0.043639687781347074, -0.03059969384745032], [0.052936508363247814, 0.7452251171234692, 0.6647083953814781], [-0.00620400640867945, -0.665383425145726, 0.7464759928127781]], "fy": 382.9793121202371, "fx": 382.9793121202371}, {"id": 41, "img_name": "000041.png", "width": 346, "height": 260, "position": [0.19421866066616983, -0.1864569485918741, 1.981911436094948], "rotation": [[0.9985231999399197, -0.043749456427748586, -0.03220876036142385], [0.05408153534201588, 0.7441861747056296, 0.6657793365012558], [-0.005158169907378728, -0.6665380127489193, 0.7454531982921045]], "fy": 371.1363376503133, "fx": 371.13633765031335}, {"id": 42, "img_name": "000042.png", "width": 346, "height": 260, "position": [0.19750431624818304, -0.22111697423918733, 1.9425950401266956], "rotation": [[0.9984899587665822, -0.044399083381168214, -0.03235001757682598], [0.05465984406228279, 0.7441468546027296, 0.6657760586202773], [-0.005486682913729167, -0.6665389562356998, 0.7454500091426842]], "fy": 371.52623936443615, "fx": 371.52623936443615}, {"id": 43, "img_name": "000043.png", "width": 346, "height": 260, "position": [-0.7407953321634807, 0.4450999689129748, -7.8170525976476535], "rotation": [[0.9992523862233035, -0.03400281386917074, -0.018397751928224487], [0.03833391590339503, 0.809656439842736, 0.5856508860342459], [-0.005017919742821318, -0.5859183032387403, 0.8103545905412582]], "fy": 404.81414594224395, "fx": 404.8141459422439}, {"id": 44, "img_name": "000044.png", "width": 346, "height": 260, "position": [0.19742152320761935, -0.22142691451732932, 1.9420615252901843], "rotation": [[0.9984928737182204, -0.04439617946345405, -0.03226391766321626], [0.05460016749614271, 0.744134727823231, 0.6657945092570523], [-0.005550030929929843, -0.6665526881623798, 0.7454372616526369]], "fy": 371.1313880631942, "fx": 371.1313880631942}, {"id": 45, "img_name": "000045.png", "width": 346, "height": 260, "position": [0.1943280734110553, -0.18668763888656806, 1.981696668358929], "rotation": [[0.9984691065477058, -0.045084047853920714, -0.03204484200197749], [0.054967159993371296, 0.7441447945847041, 0.6657530593356304], [-0.006168840416920846, -0.6664952762935336, 0.7454837302626509]], "fy": 371.2429357015428, "fx": 371.2429357015428}, {"id": 46, "img_name": "000046.png", "width": 346, "height": 260, "position": [0.1943923389138652, -0.18676418389032823, 1.9816100352087878], "rotation": [[0.99844581709661, -0.04594383432687274, -0.03154543405356142], [0.05527392686033713, 0.7440033470445446, 0.6658857353900538], [-0.007123435387565804, -0.6665944671791535, 0.7453865259007701]], "fy": 371.1166833044244, "fx": 371.1166833044244}, {"id": 47, "img_name": "000047.png", "width": 346, "height": 260, "position": [0.1943850094879014, -0.18672414946323362, 1.9816912776400049], "rotation": [[0.9984478472672081, -0.04639794086923119, -0.03080791084402151], [0.055119978841428253, 0.7439415262206874, 0.6659675618954386], [-0.007980239344678413, -0.666632009918163, 0.7453442688667243]], "fy": 371.15701122042134, "fx": 371.15701122042134}, {"id": 48, "img_name": "000048.png", "width": 346, "height": 260, "position": [0.1943898020712033, -0.1871858735075973, 1.9811710858062799], "rotation": [[0.9984703920994634, -0.04619455052444025, -0.030379921043161673], [0.05468451797545315, 0.7440798788646125, 0.6658488847798846], [-0.008153501979894357, -0.6664917084035394, 0.7454678551317925]], "fy": 371.05322072028895, "fx": 371.05322072028895}, {"id": 49, "img_name": "000049.png", "width": 346, "height": 260, "position": [0.1944078524756889, -0.18733804065190995, 1.9810116722190594], "rotation": [[0.9984035794592747, -0.04794062488866132, -0.02986618502909845], [0.055644061210872425, 0.7440513081359272, 0.6658013136913865], [-0.009696956990126347, -0.666400290626062, 0.7455311004100579]], "fy": 371.07092949413976, "fx": 371.07092949413976}, {"id": 50, "img_name": "000050.png", "width": 346, "height": 260, "position": [0.19442902104642928, -0.18810262183969986, 1.9802860395649176], "rotation": [[0.9984211517121077, -0.04739809305624576, -0.030143400413688147], [0.05542546431521102, 0.7441445060477307, 0.6657153836471122], [-0.009122593891637248, -0.6663350320173854, 0.7455966760837107]], "fy": 371.33523151410736, "fx": 371.33523151410736}, {"id": 51, "img_name": "000051.png", "width": 346, "height": 260, "position": [0.19565718528055234, -0.18514936447665226, 1.9832803766669709], "rotation": [[0.9984702169113818, -0.04633146318467419, -0.03017650510091541], [0.05465296142767686, 0.7442365476566287, 0.6656763590058817], [-0.008383301743541053, -0.6663072539386841, 0.7456301788424116]], "fy": 370.9169156470712, "fx": 370.9169156470712}, {"id": 52, "img_name": "000052.png", "width": 346, "height": 260, "position": [0.19445098890103416, -0.18920159402725323, 1.9791251308860005], "rotation": [[0.9985212298726229, -0.04434964634738552, -0.03143982128648657], [0.05401883688174965, 0.7444492276438576, 0.6654902799608771], [-0.006108907889901648, -0.6662045153924775, 0.7457440746764717]], "fy": 370.96427328422425, "fx": 370.96427328422425}, {"id": 53, "img_name": "000053.png", "width": 346, "height": 260, "position": [0.1940000661146039, -0.18732526549675874, 1.9811344595602673], "rotation": [[0.9985335038725137, -0.044111228718471826, -0.03138536514089398], [0.05380626702043288, 0.744626497288524, 0.6653091500687102], [-0.005977229576187742, -0.6660222061138579, 0.7459079659648523]], "fy": 370.65659528714366, "fx": 370.6565952871437}, {"id": 54, "img_name": "000054.png", "width": 346, "height": 260, "position": [0.19422685454894809, -0.19163235077580268, 1.9764836353191217], "rotation": [[0.998521431784898, -0.043559968668741185, -0.032518908281422586], [0.05414817847709755, 0.744345736257091, 0.6655955225837248], [-0.00478800938278917, -0.6663722338494211, 0.7456038632683459]], "fy": 371.1511305501196, "fx": 371.1511305501196}, {"id": 55, "img_name": "000055.png", "width": 346, "height": 260, "position": [-0.4735694106406048, 2.1511703346289495, -3.7786938378936954], "rotation": [[0.9990491827682328, -0.03705641179867259, -0.022968516598453663], [0.043435533180315775, 0.8006575705179175, 0.5975456545149396], [-0.003752981144094579, -0.597975147574674, 0.801505856507349]], "fy": 379.8172269987573, "fx": 379.8172269987573}, {"id": 56, "img_name": "000056.png", "width": 346, "height": 260, "position": [0.19413850056237086, -0.19309717432832577, 1.9745294606818165], "rotation": [[0.9985299812277582, -0.04402484101108521, -0.03161787411008994], [0.053893245757672396, 0.7442246052539292, 0.6657516466343408], [-0.005778810517394926, -0.6664769690758877, 0.7455032226894946]], "fy": 370.71119243992973, "fx": 370.71119243992973}, {"id": 57, "img_name": "000057.png", "width": 346, "height": 260, "position": [0.19371951058303172, -0.19040489327580928, 1.9776027971495391], "rotation": [[0.998540037544997, -0.04308352141293861, -0.03258225901156839], [0.05383514060557039, 0.7443569889486406, 0.6656083312574236], [-0.004423918581363794, -0.6663906385791853, 0.7455896631247049]], "fy": 370.46217480951185, "fx": 370.46217480951185}, {"id": 58, "img_name": "000058.png", "width": 346, "height": 260, "position": [0.19308989965556544, -0.17917042370965983, 1.9881650506030386], "rotation": [[0.9985077781585938, -0.04355452109802074, -0.032942687332859495], [0.054428357990060586, 0.7446091438840411, 0.665277969491536], [-0.004446437146107361, -0.6660782435541619, 0.7458686229226352]], "fy": 370.214500056783, "fx": 370.21450005678304}, {"id": 59, "img_name": "000059.png", "width": 346, "height": 260, "position": [-0.6641082837741173, 0.35864136419746373, -7.918803921570624], "rotation": [[0.9992309940151595, -0.033578144193806454, -0.020246699285972558], [0.03907489934534816, 0.8099407842096198, 0.5852085767613605], [-0.0032515904766082624, -0.5855496856001259, 0.8106299975037724]], "fy": 404.7688085952014, "fx": 404.7688085952014}, {"id": 60, "img_name": "000060.png", "width": 346, "height": 260, "position": [-0.2766612433765123, 1.0008736467498212, -1.0337327716697773], "rotation": [[0.9988373632778357, -0.040603293418443674, -0.0259864249899157], [0.047900957998307424, 0.7752948874977531, 0.6297803868355148], [-0.0054240153968378845, -0.630292955682849, 0.7763384378436718]], "fy": 374.3664215674859, "fx": 374.3664215674858}, {"id": 61, "img_name": "000061.png", "width": 346, "height": 260, "position": [0.19305573714670368, -0.18708283038001192, 1.9818607353724516], "rotation": [[0.9985623209260696, -0.04330433621388136, -0.03159154462536329], [0.05333671273634768, 0.7440172224600529, 0.6660282034248313], [-0.005337255963650678, -0.6667556577547005, 0.7452572754095562]], "fy": 371.3053990479208, "fx": 371.3053990479208}, {"id": 62, "img_name": "000062.png", "width": 346, "height": 260, "position": [0.19857007741623312, -0.25251242409141694, 1.9051646431628164], "rotation": [[0.9986048171343888, -0.0423156046862247, -0.03158811162499723], [0.052596726396699225, 0.7439282039400782, 0.6661864692072635], [-0.004690796131243488, -0.6669184485246519, 0.745115950338688]], "fy": 371.84825231390846, "fx": 371.84825231390846}, {"id": 63, "img_name": "000063.png", "width": 346, "height": 260, "position": [-0.659789120150278, 0.35697580816894264, -7.919763617330054], "rotation": [[0.9992570909304213, -0.033546644785744144, -0.01897073664596965], [0.03830176997735697, 0.8099013156015287, 0.5853143030915224], [-0.004270906446325742, -0.5856060805785164, 0.8105845284408003]], "fy": 404.9160805754352, "fx": 404.9160805754352}, {"id": 64, "img_name": "000064.png", "width": 346, "height": 260, "position": [-0.6566739371913313, 2.0531001879759407, -4.299494295643095], "rotation": [[0.9991838504527526, -0.034802735354962026, -0.020503721765181046], [0.040171340735941724, 0.8029945073488864, 0.5946310490976705], [-0.0042304110779394725, -0.594969403229554, 0.8037372162857583]], "fy": 381.85346099676934, "fx": 381.8534609967694}, {"id": 65, "img_name": "000065.png", "width": 346, "height": 260, "position": [-0.8891504419709837, 2.6177358927129863, -5.957731223495794], "rotation": [[0.9993289807533615, -0.03219899042132188, -0.017458901520289605], [0.03637220404197431, 0.8161691872409287, 0.5766670794935418], [-0.004318680304970037, -0.5769151435127434, 0.8167926702573267]], "fy": 385.86435135598805, "fx": 385.86435135598805}, {"id": 66, "img_name": "000066.png", "width": 346, "height": 260, "position": [-1.0473672495815962, 3.971192654749001, -4.542720182357902], "rotation": [[0.9993907008569705, -0.030953054963585806, -0.016128714425977516], [0.03460772244999292, 0.8187949636545707, 0.5730419819181961], [-0.00453128982054287, -0.573251006002023, 0.8193672873200581]], "fy": 373.33627768332445, "fx": 373.33627768332445}, {"id": 67, "img_name": "000067.png", "width": 346, "height": 260, "position": [-0.6589588568920923, 0.3618153380257531, -7.913691151209801], "rotation": [[0.999287494929522, -0.03190845827458411, -0.020158193570349047], [0.037668301582870406, 0.8096662084587818, 0.5856805698807519], [-0.002366755868791915, -0.5860225944198053, 0.8102912546091917]], "fy": 404.89414148759596, "fx": 404.8941414875961}, {"id": 68, "img_name": "000068.png", "width": 346, "height": 260, "position": [-0.6576555352354714, 0.3598033103801129, -7.915826454778599], "rotation": [[0.9992804208923632, -0.03157394621679502, -0.02101728672974558], [0.03790110732352996, 0.8098161339594604, 0.5854582267272395], [-0.0014650886770660124, -0.585833521658886, 0.810430094712626]], "fy": 404.67869554322687, "fx": 404.6786955432268}, {"id": 69, "img_name": "000069.png", "width": 346, "height": 260, "position": [-0.699149325939658, 1.5473549345528272, -6.324645215158724], "rotation": [[0.9992730720862552, -0.032360736599621874, -0.020152174325072953], [0.03803275973788495, 0.8099907853308418, 0.5852080287093184], [-0.0026146873653563434, -0.5855490674622033, 0.8106327485391431]], "fy": 392.6557247336654, "fx": 392.6557247336654}, {"id": 70, "img_name": "000070.png", "width": 346, "height": 260, "position": [0.20657172268220136, -0.1709517517041785, 1.9991458259823152], "rotation": [[0.9985425591106449, -0.043852278087991386, -0.03146005961942541], [0.05366080888454768, 0.7443951829214456, 0.6655796941262583], [-0.005768469001423166, -0.6662978233116487, 0.7456634196576487]], "fy": 370.2084955364613, "fx": 370.2084955364613}, {"id": 71, "img_name": "000071.png", "width": 346, "height": 260, "position": [-0.7926495792904749, 1.6463026269424155, -5.553505184131751], "rotation": [[0.9993162316144973, -0.032192995569050975, -0.01818461624811162], [0.03672115237366476, 0.8067435272131448, 0.5897596444892137], [-0.0043158081688273115, -0.5900241455533702, 0.8073740653896836]], "fy": 389.079488045749, "fx": 389.079488045749}, {"id": 72, "img_name": "000072.png", "width": 346, "height": 260, "position": [-0.791760859906866, 1.7730770699050027, -5.318848098678227], "rotation": [[0.9992713105290314, -0.0336325258291099, -0.018047192577974762], [0.0378004300736354, 0.8064964242160172, 0.5900293596195246], [-0.005289181396062342, -0.5902816030786765, 0.8071800627041202]], "fy": 387.1069837720704, "fx": 387.10698377207035}, {"id": 73, "img_name": "000073.png", "width": 346, "height": 260, "position": [-0.6276765974769812, 1.7500078549625588, -5.46233820002236], "rotation": [[0.9991790562959492, -0.03513414881808679, -0.020169408676630293], [0.040268669885270315, 0.8068673957108997, 0.5893584986783355], [-0.0044325709478273525, -0.589686863789197, 0.8076198084428425]], "fy": 388.4949651981718, "fx": 388.4949651981718}, {"id": 74, "img_name": "000074.png", "width": 346, "height": 260, "position": [0.27174639073877027, -0.3232499494520708, 1.7933318378209167], "rotation": [[0.9985201197756172, -0.04376611685538126, -0.03228153371028398], [0.054144139405003656, 0.7444025331439089, 0.6655323289044816], [-0.005097310210161692, -0.6662952766336654, 0.7456705852883623]], "fy": 372.58399577299747, "fx": 372.58399577299747}, {"id": 75, "img_name": "000075.png", "width": 346, "height": 260, "position": [0.19640898784001268, -0.18709115552373995, 1.981184149225592], "rotation": [[0.9986044653932961, -0.04222577654743989, -0.03171916599683833], [0.0526189466585135, 0.7441852183063694, 0.6658975952102918], [-0.0045131085869742635, -0.666637341175295, 0.7453685579641894]], "fy": 370.7051490917492, "fx": 370.70514909174926}, {"id": 76, "img_name": "000076.png", "width": 346, "height": 260, "position": [0.15445951310747336, -0.6012748970483028, 1.4560932140396385], "rotation": [[0.9985749372273063, -0.04367620750315605, -0.03066730571182252], [0.053001861768101, 0.7444823446684214, 0.665535003682094], [-0.006236777260431965, -0.6662119988225602, 0.7457363309067438]], "fy": 375.110190623286, "fx": 375.1101906232859}, {"id": 77, "img_name": "000077.png", "width": 346, "height": 260, "position": [0.19650560753438118, -0.1868399330393785, 1.9816118427104], "rotation": [[0.9985677362930966, -0.04383629407190102, -0.030673365588447393], [0.05312535331359403, 0.7444844804330676, 0.6655227683780707], [-0.006338207142917992, -0.6661990976550082, 0.7457470009419188]], "fy": 370.641809134428, "fx": 370.641809134428}, {"id": 78, "img_name": "000078.png", "width": 346, "height": 260, "position": [0.19649751532276463, -0.18686822877414264, 1.9815986201311957], "rotation": [[0.9985677042844807, -0.04337488872068326, -0.031323457479824894], [0.053212536860975886, 0.7442608317153473, 0.6657659050260826], [-0.005564699528396534, -0.6664791320085334, 0.7455029179797426]], "fy": 371.05321271405126, "fx": 371.05321271405126}, {"id": 79, "img_name": "000079.png", "width": 346, "height": 260, "position": [0.19621430329560002, -0.18617872562170582, 1.9821723183264899], "rotation": [[0.9985852305177308, -0.04316128004631298, -0.031058675062119193], [0.052876351438974685, 0.7442199274762619, 0.6658384120833895], [-0.0056239532672843935, -0.6665386736356649, 0.7454492388470567]], "fy": 371.43979861284475, "fx": 371.4397986128447}, {"id": 80, "img_name": "000080.png", "width": 346, "height": 260, "position": [0.19621850080747272, -0.18623427512940394, 1.9821371864862516], "rotation": [[0.9986154302040693, -0.042235764016221, -0.03135861598201633], [0.05238730479727637, 0.7443718031829891, 0.6657072847146731], [-0.004774186257231782, -0.6664283598887967, 0.745553786310223]], "fy": 370.9667881412337, "fx": 370.96678814123374}, {"id": 81, "img_name": "000081.png", "width": 346, "height": 260, "position": [0.19619871598588876, -0.1862354776368038, 1.9821433055736384], "rotation": [[0.9985806397142025, -0.042737053713850406, -0.0317844337346686], [0.053045045214693026, 0.7443751306427714, 0.6656514764189504], [-0.004788440888770072, -0.6663926838737176, 0.7455855830911957]], "fy": 371.18347606012424, "fx": 371.18347606012424}, {"id": 82, "img_name": "000082.png", "width": 346, "height": 260, "position": [0.1961889345227776, -0.18626237387641023, 1.9821257361097582], "rotation": [[0.9985762213247902, -0.042576897485473254, -0.032136241305031864], [0.0531603400904877, 0.7444093314488968, 0.6656040305566595], [-0.004416836669769498, -0.6663647312488246, 0.745612859667478]], "fy": 371.22878809117725, "fx": 371.22878809117725}, {"id": 83, "img_name": "000083.png", "width": 346, "height": 260, "position": [0.19617673948383696, -0.1862959461803541, 1.9821045000417827], "rotation": [[0.9985415805772956, -0.043638380311927384, -0.03178684668142154], [0.05371887081569468, 0.7443698710895695, 0.6656033187510291], [-0.005384679793944774, -0.6663401434536634, 0.7456284721264793]], "fy": 370.9008432017439, "fx": 370.90084320174395}, {"id": 84, "img_name": "000084.png", "width": 346, "height": 260, "position": [0.19616866308444927, -0.18636107928347648, 1.9820556961388518], "rotation": [[0.9985592692279653, -0.04327768334680651, -0.03172424881766392], [0.053406458267851155, 0.7441583374259808, 0.6658649405507728], [-0.005209227792655578, -0.666599888211462, 0.7453975133995756]], "fy": 371.70658550051934, "fx": 371.70658550051934}, {"id": 85, "img_name": "000085.png", "width": 346, "height": 260, "position": [0.19617460117511562, -0.18621116251444145, 1.9821885777772366], "rotation": [[0.9985334255391769, -0.04360029842729506, -0.03209380092864884], [0.05389543488460071, 0.7444169012844848, 0.665536444667462], [-0.005126419763996408, -0.6662900952731148, 0.7456750155136933]], "fy": 371.01799492306196, "fx": 371.01799492306196}, {"id": 86, "img_name": "000086.png", "width": 346, "height": 260, "position": [0.19609684196410868, -0.18635254606088172, 1.9820702959306224], "rotation": [[0.998561689427764, -0.043333999031885714, -0.031570824111420544], [0.05334596569515653, 0.7441363496864117, 0.6658943617567528], [-0.005362867816841041, -0.6666207749562614, 0.7453777445332617]], "fy": 371.33111161124964, "fx": 371.33111161124964}, {"id": 87, "img_name": "000087.png", "width": 346, "height": 260, "position": [0.19617036549524422, -0.18622864571026793, 1.9821790503098695], "rotation": [[0.9985348007784303, -0.04363673041220249, -0.032001365491387795], [0.053859195771463544, 0.7441868332646862, 0.6657966237721014], [-0.005238192935716126, -0.6665446668861817, 0.7454466905019816]], "fy": 371.3161159043853, "fx": 371.3161159043853}, {"id": 88, "img_name": "000088.png", "width": 346, "height": 260, "position": [0.19606790443947306, -0.1860346446366805, 1.9823360233187777], "rotation": [[0.9985507930731091, -0.043784393362383614, -0.03129281947912053], [0.05349928096855383, 0.7444618803601477, 0.6655180956416445], [-0.005842994858161475, -0.666227765549081, 0.7457254346088551]], "fy": 371.00511960527376, "fx": 371.00511960527376}, {"id": 89, "img_name": "000089.png", "width": 346, "height": 260, "position": [0.19601674064118432, -0.18604648203876287, 1.9823337080189638], "rotation": [[0.9985258983378001, -0.04435816033503859, -0.03127912978937183], [0.05391741672527346, 0.744377169997419, 0.6655791019558129], [-0.0062403944076123916, -0.6662844605709519, 0.7456715597897731]], "fy": 370.8573986735118, "fx": 370.8573986735118}, {"id": 90, "img_name": "000090.png", "width": 346, "height": 260, "position": [0.19592845600432984, -0.18576886937368492, 1.9825425333064663], "rotation": [[0.9985401623669806, -0.044240002874293485, -0.030989777117730672], [0.05363798058206033, 0.744542411772019, 0.665416834857508], [-0.0063648392911869155, -0.6661076633836215, 0.7458284451550566]], "fy": 370.7923387675189, "fx": 370.7923387675189}, {"id": 91, "img_name": "000091.png", "width": 346, "height": 260, "position": [0.19589104351955614, -0.1859928401703108, 1.9823827069319389], "rotation": [[0.9985225407253019, -0.04428137350124726, -0.03149437448705716], [0.054002675957428616, 0.7442741104261137, 0.6656874338147402], [-0.006037106337055976, -0.666404688241507, 0.7455657884028846]], "fy": 371.1508023678323, "fx": 371.15080236783234}, {"id": 92, "img_name": "000092.png", "width": 346, "height": 260, "position": [0.19579237535715394, -0.18595142188001912, 1.9824188751442975], "rotation": [[0.9985156287942047, -0.044945225239778855, -0.03076468400389675], [0.054013049928327075, 0.7444324846660612, 0.6655094786788199], [-0.007009243265440285, -0.666183309984617, 0.7457550992160803]], "fy": 370.7338288086416, "fx": 370.7338288086416}, {"id": 93, "img_name": "000093.png", "width": 346, "height": 260, "position": [0.19574559606061828, -0.1861940830273133, 1.9822421325235742], "rotation": [[0.998536845286771, -0.0439356377706887, -0.031525043036069095], [0.053762139880642074, 0.7439159847506742, 0.6661070784400124], [-0.005813855880347387, -0.666827314502126, 0.7451895944749131]], "fy": 371.53241329850937, "fx": 371.53241329850937}, {"id": 94, "img_name": "000094.png", "width": 346, "height": 260, "position": [0.19567298246140916, -0.18616333367271043, 1.982267136957489], "rotation": [[0.998501199744852, -0.0449171442443776, -0.03126986186444032], [0.054324820055829545, 0.7440329142919943, 0.6659308044955298], [-0.006645903549792514, -0.6666314368547973, 0.7453578733487125]], "fy": 371.19934410794, "fx": 371.19934410794}, {"id": 95, "img_name": "000095.png", "width": 346, "height": 260, "position": [0.19563125931963704, -0.18594106871347513, 1.9824339381156528], "rotation": [[0.9985377317884797, -0.04396534834424598, -0.03145546597473133], [0.053741522124508334, 0.7443302666122876, 0.6656457789279684], [-0.005852093169059558, -0.6663628908859272, 0.7456046208653022]], "fy": 370.65811585535647, "fx": 370.6581158553564}, {"id": 96, "img_name": "000096.png", "width": 346, "height": 260, "position": [0.19561575711310233, -0.1860808841220882, 1.9823249774354827], "rotation": [[0.9985311252572469, -0.043568716208837954, -0.03220805583095775], [0.053946079296692075, 0.7441585681720231, 0.6658211816581682], [-0.005041073398727776, -0.6665806720750895, 0.745415853866089]], "fy": 370.9377070509412, "fx": 370.9377070509411}, {"id": 97, "img_name": "000097.png", "width": 346, "height": 260, "position": [0.19545301099252954, -0.18620645529025392, 1.98223366335125], "rotation": [[0.9985202606077315, -0.044510959803045855, -0.031242016792766208], [0.05400342673186664, 0.7440390085552655, 0.6659501360081801], [-0.006396800534936306, -0.6666518793234661, 0.7453417690814108]], "fy": 371.23163842107596, "fx": 371.23163842107596}, {"id": 98, "img_name": "000098.png", "width": 346, "height": 260, "position": [0.1953781728884104, -0.1863206221316214, 1.9821409009430848], "rotation": [[0.9985218879033124, -0.04456337864737579, -0.031115023084282552], [0.053957086017470776, 0.7439644057622955, 0.6660372330637814], [-0.006532399751093399, -0.6667316313497396, 0.7452692530295391]], "fy": 371.26539683982827, "fx": 371.2653968398283}, {"id": 99, "img_name": "000099.png", "width": 346, "height": 260, "position": [0.1953414202766283, -0.186592681