[{"id": 0, "img_name": "000000.png", "width": 346, "height": 260, "position": [-0.9654535412581314, -0.009598669234108953, -1.431042614769083], "rotation": [[0.9999090195788602, -0.00036384833002294626, -0.013484071315260275], [0.00036834325597746756, 0.999999877424533, 0.0003308688024957428], [0.013483949276382691, -0.0003358054666448451, 0.999909031035624]], "fy": 386.21453353262933, "fx": 386.21453353262933}, {"id": 1, "img_name": "000001.png", "width": 346, "height": 260, "position": [-1.1300954652433692, -0.01834317341506859, -1.5993929537893832], "rotation": [[0.9983427932014888, 0.0001332432877633478, 0.05754693309704539], [-0.0003957385795259138, 0.9999895702080435, 0.004550040231620216], [-0.057545726632185525, -0.004565273415574773, 0.9983324334233636]], "fy": 417.32862241997896, "fx": 417.32862241997896}, {"id": 2, "img_name": "000002.png", "width": 346, "height": 260, "position": [-1.3081200230347731, -0.039875326502812225, -1.4283065928901044], "rotation": [[0.9897860251033025, -0.005387205405021573, 0.14245912581554337], [0.0032970952391263584, 0.999883498607912, 0.014903636287362843], [-0.142522818079032, -0.014281709614957677, 0.9896884757828018]], "fy": 390.5659202261638, "fx": 390.5659202261638}, {"id": 3, "img_name": "000003.png", "width": 346, "height": 260, "position": [-1.4665216031734645, -0.05625317549414761, -1.4361488548889554], "rotation": [[0.9774497877371068, -0.006284500565693473, 0.2110744359351093], [0.0017250903373560674, 0.9997613395617306, 0.021778153756958695], [-0.211160925637327, -0.020922929297150814, 0.9772273504735801]], "fy": 396.9046914765683, "fx": 396.9046914765683}, {"id": 4, "img_name": "000004.png", "width": 346, "height": 260, "position": [-1.6059080746415817, -0.06425502679817534, -1.2269945438065433], "rotation": [[0.9550849794806067, -0.013326867039840293, 0.2960322222080421], [0.005264227972661542, 0.999593610660313, 0.02801609235654309], [-0.2962852846065444, -0.025199367888519, 0.9547669987927098]], "fy": 365.78055555054186, "fx": 365.78055555054186}, {"id": 5, "img_name": "000005.png", "width": 346, "height": 260, "position": [-1.788275209602197, -0.07404509270391267, -1.2950068190021278], "rotation": [[0.931740393498969, -0.01373932156239437, 0.36286508534907486], [0.002778388371476508, 0.9995244358624091, 0.030711279230768225], [-0.363114471868643, -0.027606759261784, 0.931335464353537]], "fy": 387.33450377099035, "fx": 387.3345037709904}, {"id": 6, "img_name": "000006.png", "width": 346, "height": 260, "position": [-1.9177941567269876, -0.08241042309063647, -1.1510640043768259], "rotation": [[0.898915037017457, -0.01793453303509153, 0.437755763809818], [0.0025775397129250612, 0.9993610053446149, 0.03565020737147235], [-0.438115410038191, -0.03091817461322544, 0.8983868620842882]], "fy": 372.74837750618263, "fx": 372.74837750618275}, {"id": 7, "img_name": "000007.png", "width": 346, "height": 260, "position": [-2.0427393701066228, -0.08509702042652144, -1.0635628793352143], "rotation": [[0.8654293573967831, -0.020382232633211036, 0.500616212231163], [0.002136283870410284, 0.9993132312134794, 0.036993272535690826], [-0.5010264101292627, -0.030945605739111665, 0.8648785497620014]], "fy": 370.0031354026704, "fx": 370.0031354026704}, {"id": 8, "img_name": "000008.png", "width": 346, "height": 260, "position": [-2.2255751568308146, -0.0845441499938933, -1.0523891945449746], "rotation": [[0.825728987761567, -0.019552528875982432, 0.56372807042475], [-0.00014005318616757895, 0.9993919033121798, 0.034868380793546476], [-0.5640670342746179, -0.028870784689935085, 0.8252241263051053]], "fy": 385.10544556024763, "fx": 385.10544556024763}, {"id": 9, "img_name": "000009.png", "width": 346, "height": 260, "position": [-2.328901529254705, -0.08472531359316339, -0.9279698179391672], "rotation": [[0.7829755212222539, -0.020204385770911285, 0.6217243086468152], [-0.0014491618040628907, 0.9994104214749964, 0.034303197769828174], [-0.6220508283868815, -0.027759543274169643, 0.7824846162452038]], "fy": 379.85503858481803, "fx": 379.85503858481803}, {"id": 10, "img_name": "000010.png", "width": 346, "height": 260, "position": [-2.4342783267653676, -0.12023400429467994, -0.8518397785958425], "rotation": [[0.7457011468257843, -0.027838648416312943, 0.6656987376261599], [-0.008247380992286007, 0.9986645283931939, 0.05100137680462946], [-0.6662295252609854, -0.04352205628819293, 0.7444756881772361]], "fy": 382.8618198017365, "fx": 382.8618198017365}, {"id": 11, "img_name": "000011.png", "width": 346, "height": 260, "position": [-2.5224185352413366, -0.10900828770337483, -0.7332401748710189], "rotation": [[0.6991119890944705, -0.027907133623327317, 0.7144673670625573], [-0.007497385252780463, 0.9988969757577233, 0.04635322034601408], [-0.714972877750439, -0.03776272917844388, 0.698131621090358]], "fy": 378.09728226641346, "fx": 378.09728226641346}, {"id": 12, "img_name": "000012.png", "width": 346, "height": 260, "position": [-2.576346338825272, -0.1370731509917326, -0.5886511906453123], "rotation": [[0.6502065656198184, -0.03837785837674076, 0.7587875605275142], [-0.013380310233366772, 0.9979900688298758, 0.06194182605476121], [-0.7596396443860334, -0.05042779494836418, 0.6483861875253868]], "fy": 366.34205456478236, "fx": 366.34205456478236}, {"id": 13, "img_name": "000013.png", "width": 346, "height": 260, "position": [-2.58028605142757, -0.13321687994188428, -0.3984087766250853], "rotation": [[0.591088683950584, -0.0434521409228006, 0.8054353351789278], [-0.014901306318455805, 0.9977892749081378, 0.0647650673457227], [-0.8064689199067563, -0.05028393707256349, 0.5891344557033753]], "fy": 340.15314712401965, "fx": 340.1531471240196}, {"id": 14, "img_name": "000014.png", "width": 346, "height": 260, "position": [-2.654328479265309, -0.13350010154635608, -0.2973381966204214], "rotation": [[0.5405802260345738, -0.044443464427128966, 0.840117728470316], [-0.01842838821842928, 0.9977384931339557, 0.0646397232857185], [-0.841090609701523, -0.05042497187404195, 0.5385386787255139]], "fy": 341.01539308069795, "fx": 341.01539308069795}, {"id": 15, "img_name": "000015.png", "width": 346, "height": 260, "position": [-2.6996502433989282, -0.13968606095913635, -0.17142865186687387], "rotation": [[0.4854035677799204, -0.050250315874869056, 0.8728449359084349], [-0.021176904683907736, 0.9973782466329232, 0.0691966173410526], [-0.8740337036376418, -0.05207243894721332, 0.48306681319208405]], "fy": 336.6434561550354, "fx": 336.6434561550354}, {"id": 16, "img_name": "000016.png", "width": 346, "height": 260, "position": [-2.7263557967940515, -0.14207779598104442, -0.04464065192892776], "rotation": [[0.4291150746700921, -0.05505649906922764, 0.9015703159494114], [-0.02304054843304108, 0.9971485942696845, 0.0718596832298659], [-0.9029559157670911, -0.051608747865377634, 0.4266229615538549]], "fy": 329.1864273585001, "fx": 329.18642735850017}, {"id": 17, "img_name": "000017.png", "width": 346, "height": 260, "position": [-2.7526307269856303, -0.15987654063489115, 0.09352318351291625], "rotation": [[0.36597785297231755, -0.06600488543147623, 0.9282798964929438], [-0.033901390992804224, 0.9958739622221053, 0.08417687958577467], [-0.9300058638645918, -0.06227685338247826, 0.36223015709663325]], "fy": 323.0395975764907, "fx": 323.0395975764906}, {"id": 18, "img_name": "000018.png", "width": 346, "height": 260, "position": [-2.815388807425767, -0.17285920164967475, 0.2028773044106124], "rotation": [[0.30708953815009876, -0.07371920341126378, 0.9488211078001834], [-0.04324045680751376, 0.9948848349806597, 0.0912930885696331], [-0.9506977850262597, -0.06906261053503587, 0.302331072455759]], "fy": 328.0427455186447, "fx": 328.0427455186447}, {"id": 19, "img_name": "000019.png", "width": 346, "height": 260, "position": [-2.9258280035091118, -0.19918559338000932, 0.30361238661728235], "rotation": [[0.24877543437854302, -0.08506389625195691, 0.9648185926920165], [-0.059802841982035934, 0.9928862834734453, 0.10295847794699169], [-0.9667131960103983, -0.08331243391430745, 0.2419186537136715]], "fy": 344.74830829066815, "fx": 344.74830829066815}, {"id": 20, "img_name": "000020.png", "width": 346, "height": 260, "position": [-2.9394543776929987, -0.1872209765095743, 0.4314040440112745], "rotation": [[0.18724977095847276, -0.08264890321439125, 0.9788292405079946], [-0.06721284446379697, 0.9930409107649497, 0.09670668584024954], [-0.9800101819956182, -0.08389820227262003, 0.18039161521627772]], "fy": 341.55385137164365, "fx": 341.55385137164353}, {"id": 21, "img_name": "000021.png", "width": 346, "height": 260, "position": [-3.0237601015728934, -0.19401728006343288, 0.5667054031022841], "rotation": [[0.11777703545079991, -0.08882855294117813, 0.9890591782612391], [-0.07450751997154845, 0.9923933504250784, 0.098000344386012], [-0.9902409804628923, -0.0852345365122845, 0.11026275163184394]], "fy": 358.6607663895771, "fx": 358.6607663895771}, {"id": 22, "img_name": "000022.png", "width": 346, "height": 260, "position": [-3.166892798893771, -0.1955674788498387, 0.7058593483969428], "rotation": [[0.049693109695954245, -0.08818432824785993, 0.9948638696325338], [-0.08433558406478438, 0.9921665456474611, 0.09215777210000553], [-0.9951975201482353, -0.08848203178871157, 0.04186676416137133]], "fy": 388.9225673786166, "fx": 388.9225673786165}, {"id": 23, "img_name": "000023.png", "width": 346, "height": 260, "position": [-3.0899866445140467, -0.17610703920613355, 0.8254693649520307], "rotation": [[0.0023402468404676545, -0.08513887691688773, 0.9963663457193124], [-0.0966876368628246, 0.9916815702782257, 0.08496566393782343], [-0.9953120234994692, -0.09653514804382717, -0.0059110971526551625]], "fy": 372.24098037501466, "fx": 372.2409803750146}, {"id": 24, "img_name": "000024.png", "width": 346, "height": 260, "position": [-3.1169572350337353, -0.17454864407800702, 0.9377905503856813], "rotation": [[-0.03787779482038558, -0.08902545664463518, 0.995308866999967], [-0.11462348869504604, 0.9898364624518805, 0.08417382871251353], [-0.9926866214968956, -0.11089745565143094, -0.04769723085376624]], "fy": 378.75009219595887, "fx": 378.75009219595887}, {"id": 25, "img_name": "000025.png", "width": 346, "height": 260, "position": [-3.126806958800301, -0.1685226171905601, 1.034306329183172], "rotation": [[-0.07292962154252165, -0.09242681056478903, 0.9930450921234568], [-0.12887131712453398, 0.9882224905998506, 0.08251359097273597], [-0.9889759622580582, -0.12195734402424799, -0.08398185705435941]], "fy": 381.1201228759528, "fx": 381.1201228759528}, {"id": 26, "img_name": "000026.png", "width": 346, "height": 260, "position": [-3.131308379420546, -0.15410790152978743, 1.155098271254685], "rotation": [[-0.11804658151445808, -0.09309845723788213, 0.9886342507988871], [-0.1456033623960237, 0.9864574090118303, 0.07550788743329115], [-0.9822752493327535, -0.13503502310731322, -0.13000337335117423]], "fy": 384.14404549233626, "fx": 384.14404549233626}, {"id": 27, "img_name": "000027.png", "width": 346, "height": 260, "position": [-3.2358501581721923, -0.1369454356961508, 1.2647074390240403], "rotation": [[-0.1526376225460837, -0.08882454535426186, 0.9842824575933921], [-0.15524651790248076, 0.9857428228235872, 0.06488147602313606], [-0.9760124358135165, -0.14290306992641807, -0.16425114228817791]], "fy": 405.9636037014347, "fx": 405.96360370143475}, {"id": 28, "img_name": "000028.png", "width": 346, "height": 260, "position": [-3.3032266356077, -0.12496341693413254, 1.4025329847670125], "rotation": [[-0.19599837010812615, -0.09140943737912013, 0.9763344476525401], [-0.16634028911593365, 0.9843158531074161, 0.058764015674962825], [-0.966393060370254, -0.15088610300306785, -0.20812937512221089]], "fy": 422.60409774622207, "fx": 422.60409774622207}, {"id": 29, "img_name": "000029.png", "width": 346, "height": 260, "position": [-3.409229444538271, -0.1269122989741264, 1.5393187767543406], "rotation": [[-0.23182992270077393, -0.09928756103330381, 0.9676760135317042], [-0.17399159773075681, 0.9829677079427053, 0.05917270537133814], [-0.9570693866484558, -0.15464949196787767, -0.24515652912868885]], "fy": 448.7418957894331, "fx": 448.7418957894331}, {"id": 30, "img_name": "000030.png", "width": 346, "height": 260, "position": [-3.499819916030888, -0.11533390503955841, 1.6981943068677683], "rotation": [[-0.2742800506941884, -0.10256196240695246, 0.9561649949974264], [-0.181541670699505, 0.9819404168679271, 0.05325072319578563], [-0.9443585524528414, -0.15897817959857433, -0.2879459373227855]], "fy": 471.43667352665, "fx": 471.43667352664994}, {"id": 31, "img_name": "000031.png", "width": 346, "height": 260, "position": [-3.769816839031189, -0.10302128988775307, 1.9491716112069317], "rotation": [[-0.32136139844993644, -0.10649894997176694, 0.9409488961900172], [-0.19309886103859183, 0.980147453023682, 0.04498666687794682], [-0.9270596968113217, -0.1672391819703141, -0.33554638213218807]], "fy": 533.8016540827957, "fx": 533.8016540827956}, {"id": 32, "img_name": "000032.png", "width": 346, "height": 260, "position": [-3.9346638153449613, -0.07655596658767563, 2.1665139165661387], "rotation": [[-0.36141919172864684, -0.10633628103403893, 0.9263200112196981], [-0.19943609137104307, 0.9792996264976791, 0.03460472511301606], [-0.9108245787794994, -0.17223483061609907, -0.3751449717293184]], "fy": 577.6982092047684, "fx": 577.6982092047684}, {"id": 33, "img_name": "000033.png", "width": 346, "height": 260, "position": [-4.184774115467111, -0.07154270744889633, 2.487000537976355], "rotation": [[-0.40795234102426076, -0.11567161688698589, 0.9056461585517688], [-0.20720644199412364, 0.9777884056256391, 0.03154875940836001], [-0.889179609442862, -0.17478532796210633, -0.42285897327621863]], "fy": 646.9518866861163, "fx": 646.9518866861162}, {"id": 34, "img_name": "000034.png", "width": 346, "height": 260, "position": [-4.616048114432364, -0.027797731259392687, 2.9197615136250943], "rotation": [[-0.4516674388527289, -0.11467642540416642, 0.8847857605865608], [-0.21347807200039787, 0.9767888735495536, 0.017624110893522206], [-0.8662699564542276, -0.180922121274091, -0.4656646310151479]], "fy": 755.2189153122805, "fx": 755.2189153122805}, {"id": 35, "img_name": "000035.png", "width": 346, "height": 260, "position": [-4.790996708068048, 0.008184925753268582, 3.3390888413539486], "rotation": [[-0.5033619512646322, -0.1231488623621315, 0.8552549933896761], [-0.22276417429104645, 0.9748284008177324, 0.00925805657634593], [-0.8348669766324994, -0.18586001898755766, -0.5181246806227767]], "fy": 822.8683462327332, "fx": 822.8683462327332}, {"id": 36, "img_name": "000036.png", "width": 346, "height": 260, "position": [-5.098326428233891, 0.07202534273185852, 3.8667256380606405], "rotation": [[-0.5509088128046514, -0.12384898873449364, 0.8253247287968609], [-0.22442489249136033, 0.9744848397995928, -0.0035727623771201174], [-0.8038239531168565, -0.18719167981030904, -0.5646470821720269]], "fy": 922.3284228005332, "fx": 922.3284228005333}, {"id": 37, "img_name": "000037.png", "width": 346, "height": 260, "position": [-5.590408349290274, 0.14733383735051625, 4.70834985149253], "rotation": [[-0.6056010837783223, -0.13008040790700962, 0.7850645927598996], [-0.22803435966741475, 0.9735436734347395, -0.014596120247021793], [-0.762395998243428, -0.18786112794811854, -0.6192419062599582]], "fy": 1088.4174411686895, "fx": 1088.4174411686895}, {"id": 38, "img_name": "000038.png", "width": 346, "height": 260, "position": [-6.789975415259596, 0.307924722247428, 6.508545080319237], "rotation": [[-0.6682668332323055, -0.13589991764444267, 0.7314032075304968], [-0.2305164245882986, 0.9726089470902037, -0.029900067476717102], [-0.7073058868669851, -0.18858167573844145, -0.6812894641626189]], "fy": 1475.752975159532, "fx": 1475.752975159532}, {"id": 39, "img_name": "000039.png", "width": 346, "height": 260, "position": [6.32237460283754, -0.09050713825113911, 4.554017044513701], "rotation": [[-0.41229831536581685, 0.0018785588220192862, -0.911046963752836], [-0.024946259468457455, 0.9995996414363432, 0.013350692074454832], [0.9107072983593802, 0.028231681796994097, -0.4120863851886779]], "fy": 1699.2220951872512, "fx": 1699.2220951872512}, {"id": 40, "img_name": "000040.png", "width": 346, "height": 260, "position": [6.11414424257469, -0.08779036649192125, 4.071532818978892], "rotation": [[-0.37410733659897605, 0.0010219743586130663, -0.9273848479844979], [-0.030680101988226627, 0.9994383832297267, 0.013477739763852414], [0.9268777870058232, 0.03349438304492939, -0.37386587736730803]], "fy": 1615.6870435633646, "fx": 1615.6870435633643}, {"id": 41, "img_name": "000041.png", "width": 346, "height": 260, "position": [5.875193058950986, -0.0678761873487451, 3.6777800162893035], "rotation": [[-0.3423917263015068, -0.0004758851381754958, -0.9395571719132416], [-0.03191415805532887, 0.9994287096097955, 0.0111238897566726], [0.9390151182360659, 0.033793903903431774, -0.3422113086721012]], "fy": 1536.972443830323, "fx": 1536.972443830323}, {"id": 42, "img_name": "000042.png", "width": 346, "height": 260, "position": [5.555778221477504, -0.03560672215497788, 3.2500016417992277], "rotation": [[-0.30605300600618246, -0.004978678541617462, -0.952001454975022], [-0.038069199130580066, 0.9992504971111074, 0.007012852540933874], [0.9512530123958273, 0.03838823756287698, -0.30601315269883456]], "fy": 1434.1229491588128, "fx": 1434.1229491588128}, {"id": 43, "img_name": "000043.png", "width": 346, "height": 260, "position": [5.481878617656133, 0.016212721823889054, 2.952358475149971], "rotation": [[-0.272247231923525, -0.012405645616374101, -0.962147361201401], [-0.04200584294697056, 0.9991168681789433, -0.0009964329454121728], [0.9613100196441794, 0.040144534835282346, -0.27252791133123583]], "fy": 1390.5783638983635, "fx": 1390.5783638983635}, {"id": 44, "img_name": "000044.png", "width": 346, "height": 260, "position": [5.494508336494314, 0.0690437326601515, 2.6709179148210547], "rotation": [[-0.23589814953096822, -0.020757988497743327, -0.9715560554910827], [-0.04880419613910903, 0.9987632860036357, -0.009489413598075348], [0.9705514996573235, 0.04517747718440593, -0.236619487929824]], "fy": 1369.5569639606001, "fx": 1369.5569639606001}, {"id": 45, "img_name": "000045.png", "width": 346, "height": 260, "position": [5.560863234666973, 0.0733570937677872, 2.4316471140608864], "rotation": [[-0.20286782459845693, -0.019985162021944135, -0.9790021649831252], [-0.048991019810599674, 0.9987467632000109, -0.010236355573106379], [0.977979818667342, 0.04588568727237588, -0.20359267664367145]], "fy": 1365.634554289703, "fx": 1365.634554289703}, {"id": 46, "img_name": "000046.png", "width": 346, "height": 260, "position": [5.818998829540121, 0.05601222953827947, 2.221928258311257], "rotation": [[-0.1695640227173039, -0.01573790642064924, -0.9853935054085854], [-0.04868760617318557, 0.9987853399601097, -0.007573749790762843], [0.9843157822594585, 0.04669221543537193, -0.1701243010645051]], "fy": 1401.7931331755149, "fx": 1401.7931331755149}, {"id": 47, "img_name": "000047.png", "width": 346, "height": 260, "position": [5.75967946916589, 0.046634005340892244, 1.9480919035053486], "rotation": [[-0.13488624716335504, -0.013472169657955614, -0.9907694994149213], [-0.050731000210991854, 0.9986900590056266, -0.0066732046971952575], [0.9895615523775055, 0.049362604145705126, -0.13539301078037885]], "fy": 1377.6692706722279, "fx": 1377.6692706722279}, {"id": 48, "img_name": "000048.png", "width": 346, "height": 260, "position": [5.275904871578738, 0.10323650715363468, 1.6604003665179554], "rotation": [[-0.10257372600668188, -0.022612800926277148, -0.9944683463878446], [-0.05652007152694459, 0.9982589389535115, -0.01686927129423872], [0.9931183777615308, 0.054477078057455684, -0.10367321601371614]], "fy": 1266.2370310319427, "fx": 1266.2370310319427}, {"id": 49, "img_name": "000049.png", "width": 346, "height": 260, "position": [5.13568740587051, 0.10904008966470141, 1.4130215945746694], "rotation": [[-0.06789047020728348, -0.02261560081563419, -0.9974364233648085], [-0.055945492837188464, 0.9982563166081535, -0.018826263121667075], [0.9961229772905741, 0.05452394842333077, -0.06903733165535818]], "fy": 1228.458092464934, "fx": 1228.4580924649338}, {"id": 50, "img_name": "000050.png", "width": 346, "height": 260, "position": [5.2197884110384924, 0.13197303801862043, 1.2200578374216413], "rotation": [[-0.038498181201309316, -0.02494236657544546, -0.9989473301399866], [-0.058057783238722606, 0.9980555056455356, -0.022682624540381502], [0.9975706410323013, 0.057123427770491134, -0.039871420217404176]], "fy": 1235.7995816409075, "fx": 1235.7995816409075}, {"id": 51, "img_name": "000051.png", "width": 346, "height": 260, "position": [4.962780451515569, 0.13703464292793127, 1.005153696392834], "rotation": [[-0.006848826028878749, -0.02526011195859685, -0.9996574514931927], [-0.06012463389062769, 0.9978826697900398, -0.024803341150347855], [0.9981673817459392, 0.05993416451859246, -0.008353079786171912]], "fy": 1178.2855637413877, "fx": 1178.2855637413877}, {"id": 52, "img_name": "000052.png", "width": 346, "height": 260, "position": [4.988889462578588, 0.1649856543886467, 0.8063422126346356], "rotation": [[0.02409646696721608, -0.02802400705785511, -0.9993167742553503], [-0.0639281014833738, 0.9975179493411649, -0.02951505688506358], [0.9976635495598849, 0.06459563275190024, 0.022245136748339146]], "fy": 1178.5728414511236, "fx": 1178.5728414511236}, {"id": 53, "img_name": "000053.png", "width": 346, "height": 260, "position": [4.347443384405211, 0.15666903933019763, 0.6302022026794569], "rotation": [[0.056726996094682174, -0.02805854794126468, -0.9979953736373237], [-0.06771719043892875, 0.9971949253711794, -0.03188515223463254], [0.9960905732076435, 0.06939019168006086, 0.05466782660278936]], "fy": 1052.0881848937113, "fx": 1052.0881848937113}, {"id": 54, "img_name": "000054.png", "width": 346, "height": 260, "position": [4.371687239257747, 0.18056623580379277, 0.4237811883378771], "rotation": [[0.09189877328215894, -0.029646975709269496, -0.9953269172993003], [-0.06845077220085724, 0.9970041458111232, -0.03601701015546707], [0.9934128584100069, 0.07144081513201435, 0.08959409957654939]], "fy": 1055.7842282510724, "fx": 1055.7842282510724}, {"id": 55, "img_name": "000055.png", "width": 346, "height": 260, "position": [4.394963978658378, 0.17164652593697716, 0.22912763470322628], "rotation": [[0.12403162721727926, -0.025056626257347, -0.9919618545742741], [-0.06899632685658161, 0.9970437558554112, -0.033812065746340936], [0.9898765894444285, 0.07263548988156376, 0.1219361442703992]], "fy": 1061.7693577012774, "fx": 1061.7693577012774}, {"id": 56, "img_name": "000056.png", "width": 346, "height": 260, "position": [4.740954942061739, 0.19978758778586675, -0.012352357197155323], "rotation": [[0.1553659101337237, -0.025191899019610928, -0.9875357219828078], [-0.068947760354069, 0.9969603767821276, -0.03627965640129435], [0.9854479389143181, 0.07372499813647902, 0.1531567312895473]], "fy": 1130.6597029419681, "fx": 1130.6597029419681}, {"id": 57, "img_name": "000057.png", "width": 346, "height": 260, "position": [4.749704860542145, 0.2103471924280359, -0.2135879851657654], "rotation": [[0.18618407109512636, -0.02413406389610328, -0.9822184271486173], [-0.07066405001583602, 0.9967804172377672, -0.0378865655168452], [0.9799704504248097, 0.07646140707024415, 0.18387922537098658]], "fy": 1136.5394416189622, "fx": 1136.5394416189622}, {"id": 58, "img_name": "000058.png", "width": 346, "height": 260, "position": [4.990438954425466, 0.24558871896025816, -0.4993777098604161], "rotation": [[0.2216217132815588, -0.025113844908594828, -0.9748092690347449], [-0.07170162973178289, 0.9965425092932259, -0.041975033834019945], [0.9724930295359205, 0.07919799218078609, 0.21905475465869095]], "fy": 1187.5991298176928, "fx": 1187.5991298176928}, {"id": 59, "img_name": "000059.png", "width": 346, "height": 260, "position": [5.007977075115246, 0.26868189198170683, -0.733884038108525], "rotation": [[0.2549570762892024, -0.024628796547126873, -0.9666386665298995], [-0.07509405149096052, 0.9961520926841114, -0.045187295468287265], [0.9640320392397416, 0.08410963453556053, 0.25212654897404124]], "fy": 1198.8004923963072, "fx": 1198.8004923963072}, {"id": 60, "img_name": "000060.png", "width": 346, "height": 260, "position": [4.805459303405134, 0.27528954772234704, -0.8806005713164697], "rotation": [[0.284127557084414, -0.024188927933349206, -0.9584813128437497], [-0.07518947753401486, 0.9960408394309005, -0.04742561179309088], [0.9558337061295781, 0.08554263236084285, 0.28118389761039436]], "fy": 1165.5747973270152, "fx": 1165.5747973270152}, {"id": 61, "img_name": "000061.png", "width": 346, "height": 260, "position": [5.133481120028504, 0.3154038801792211, -1.1964792246005234], "rotation": [[0.3138337620924691, -0.02380463659841858, -0.9491794925341069], [-0.0779059546440064, 0.9956692303135751, -0.0507291438699571], [0.9462764035956372, 0.0898672525628219, 0.3106200974098689]], "fy": 1241.4970436488647, "fx": 1241.4970436488647}, {"id": 62, "img_name": "000062.png", "width": 346, "height": 260, "position": [5.046632443207508, 0.3337817449483001, -1.3988582718249896], "rotation": [[0.3448506233567418, -0.023595109416200077, -0.9383609744560479], [-0.07795817944767411, 0.9955103034509948, -0.05368200797392322], [0.9354146512791375, 0.09166518714618793, 0.3414629169291792]], "fy": 1232.2688198937271, "fx": 1232.2688198937271}, {"id": 63, "img_name": "000063.png", "width": 346, "height": 260, "position": [4.725687356600027, 0.3363375315909862, -1.4773861893008324], "rotation": [[0.37182087614465065, -0.023421067831492216, -0.9280089922218734], [-0.07898454542679699, 0.995258365830686, -0.05676466178666576], [0.9249382020690609, 0.09440465468219746, 0.36820793517737826]], "fy": 1174.8347499384688, "fx": 1174.8347499384688}, {"id": 64, "img_name": "000064.png", "width": 346, "height": 260, "position": [4.611086813521792, 0.35498866435455373, -1.6937923824260697], "rotation": [[0.4074242441443407, -0.02341999984773385, -0.912938655600991], [-0.07749976458239922, 0.9951782929835188, -0.060116151441041904], [0.9099446531372585, 0.09524530844898203, 0.40364471933294604]], "fy": 1166.1599484539172, "fx": 1166.1599484539172}, {"id": 65, "img_name": "000065.png", "width": 346, "height": 260, "position": [4.000787794801571, 0.3503448499331186, -1.6431996538624951], "rotation": [[0.4395574339570668, -0.02550733627715406, -0.8978522361998789], [-0.0765927853005174, 0.9948914475810895, -0.06576133187453696], [0.8949429073929731, 0.0976748858512173, 0.4353582538335111]], "fy": 1052.6204551221153, "fx": 1052.6204551221153}, {"id": 66, "img_name": "000066.png", "width": 346, "height": 260, "position": [3.505515575461722, 0.3691383623418381, -1.6447063766624093], "rotation": [[0.47704285189075, -0.0312365002056888, -0.8783247682462563], [-0.0731693889672915, 0.9944873178332907, -0.07510802345223057], [0.8758289547497805, 0.1000962323149459, 0.47212751063484876]], "fy": 965.2171789969683, "fx": 965.2171789969684}, {"id": 67, "img_name": "000067.png", "width": 346, "height": 260, "position": [2.6865505449879903, 0.37558527815196174, -1.4544473297242138], "rotation": [[0.5213991345246354, -0.041730576729487025, -0.8522919109570296], [-0.06897272261836472, 0.9934743096759412, -0.09083809524930767], [0.8505208439841854, 0.10614779780917062, 0.5151183737440279]], "fy": 806.3783484882742, "fx": 806.3783484882742}, {"id": 68, "img_name": "000068.png", "width": 346, "height": 260, "position": [2.7268010532162923, 0.4026370669197451, -1.7222978641143778], "rotation": [[0.5596377183949076, -0.04027253262627564, -0.8277582662019194], [-0.06646290380026544, 0.9934203093078118, -0.09326720470351912], [0.8260679793867929, 0.10721106365780092, 0.5532788458464539]], "fy": 835.8451489195284, "fx": 835.8451489195284}, {"id": 69, "img_name": "000069.png", "width": 346, "height": 260, "position": [1.6742996846532394, 0.22485009710216192, -1.2577468595306134], "rotation": [[0.6062477915726555, -0.02018216826985574, -0.7950196823332144], [-0.060682879171579884, 0.9955895143914596, -0.07154793504515045], [0.7929572519302194, 0.0916198609347605, 0.6023492323341748]], "fy": 618.7555359277067, "fx": 618.7555359277067}, {"id": 70, "img_name": "000070.png", "width": 346, "height": 260, "position": [1.14692433800782, 0.15800215873551915, -1.1152992813164604], "rotation": [[0.6608003658452185, -0.009472942186495572, -0.7505019252907728], [-0.054036756197847195, 0.9967251007939846, -0.06015897627815426], [0.7486139896358065, 0.08030776309643059, 0.6581244241843694]], "fy": 520.2577915691966, "fx": 520.2577915691966}, {"id": 71, "img_name": "000071.png", "width": 346, "height": 260, "position": [0.5443719441083619, 0.04708356862860248, -0.8343963831365468], "rotation": [[0.7202303355517087, 0.015303057935659777, -0.693566204604067], [-0.04633400570852414, 0.9985854383904171, -0.02608221903176086], [0.6921859747683967, 0.050920905848542565, 0.7199205773427291]], "fy": 400.6178737199869, "fx": 400.6178737199869}, {"id": 72, "img_name": "000072.png", "width": 346, "height": 260, "position": [0.23719294936558508, 0.020242229176303583, -0.7378563970364386], "rotation": [[0.7728589320037333, 0.01796461129721619, -0.6343235325628307], [-0.036136563104017624, 0.999223058550979, -0.01572984637738381], [0.6335481197423585, 0.03507922463462776, 0.7729076451749947]], "fy": 348.24145516917355, "fx": 348.24145516917355}, {"id": 73, "img_name": "000073.png", "width": 346, "height": 260, "position": [0.2759928010870682, 0.039304042687708256, -0.9866546979895476], "rotation": [[0.8086627788200228, 0.014424838134469865, -0.5880955995379263], [-0.034521217673325236, 0.9991401566222042, -0.02296155385221012], [0.5872587127335188, 0.038869930148527305, 0.808465418461927]], "fy": 387.3535280995523, "fx": 387.3535280995523}, {"id": 74, "img_name": "000074.png", "width": 346, "height": 260, "position": [0.17854722576198676, 0.03610255734336141, -1.0769838412550898], "rotation": [[0.8423696608115128, 0.016159249298144128, -0.5386578071525718], [-0.03269266226275727, 0.9992416579386227, -0.021149441464154466], [0.537907561183583, 0.03542580559694921, 0.8422591453462155]], "fy": 389.63740260828786, "fx": 389.63740260828786}, {"id": 75, "img_name": "000075.png", "width": 346, "height": 260, "position": [-0.019397500255883538, 0.03852582558220517, -1.0681995320446678], "rotation": [[0.8819056924416161, 0.011790386615768741, -0.47127840648869557], [-0.025759927697400327, 0.9993988696134888, -0.023201843467824553], [0.4707215480133645, 0.03260193550590865, 0.8816792716385988]], "fy": 369.3539388748943, "fx": 369.3539388748943}, {"id": 76, "img_name": "000076.png", "width": 346, "height": 260, "position": [-0.24999030955694657, 0.015160463966956817, -0.9553026114756809], "rotation": [[0.9166080361765471, 0.012905333079688584, -0.3995787286564142], [-0.0198262549632437, 0.9997164055306137, -0.013191972069477462], [0.3992951635453482, 0.020014017364130433, 0.916603955630916]], "fy": 332.1025566332252, "fx": 332.1025566332252}, {"id": 77, "img_name": "000077.png", "width": 346, "height": 260, "position": [-0.2513962445621392, 0.01986452435611954, -1.2822518530726517], "rotation": [[0.9391375274926204, 0.011353407803767503, -0.34335376011671864], [-0.01703597057399446, 0.9997632180799018, -0.013538222967617903], [0.3431187551878354, 0.018563617798271252, 0.9391085730268839]], "fy": 385.20704065682855, "fx": 385.20704065682855}, {"id": 78, "img_name": "000078.png", "width": 346, "height": 260, "position": [-0.32752984630086407, 0.026828252540326718, -1.500724785664563], "rotation": [[0.9588652637136242, 0.007673840983013853, -0.2837578513591635], [-0.012523553804686434, 0.9998048092537762, -0.015280837448293639], [0.2835852017357443, 0.018205920948621803, 0.9587742058477113]], "fy": 417.239495633734, "fx": 417.239495633734}, {"id": 79, "img_name": "000079.png", "width": 346, "height": 260, "position": [-0.5900725926646739, -0.0010558115162589404, -1.2797558776977167], "rotation": [[0.9807257984693021, 0.005022577155214788, -0.1953245553827522], [-0.005859775122319941, 0.999975954455131, -0.003708577498911311], [0.19530123208076738, 0.004781655599215137, 0.9807316475557749]], "fy": 367.249651000927, "fx": 367.249651000927}, {"id": 80, "img_name": "000080.png", "width": 346, "height": 260, "position": [-0.7189123548702978, -0.00939664486228741, -1.4245137165110389], "rotation": [[0.9919808346203696, 0.0054605356009099, -0.12627036982929266], [-0.005441956157028074, 0.9999850713630866, 0.0004921017656351056], [0.126271171923999, 0.00019900229634986142, 0.9919957416939984]], "fy": 388.78242209120936, "fx": 388.78242209120936}, {"id": 81, "img_name": "000081.png", "width": 346, "height": 260, "position": [-0.9153324833286198, -0.016594019382931063, -1.239936570553125], "rotation": [[0.9991814105438216, 0.001379551158969086, -0.04043025676716353], [-0.001231102973176445, 0.9999924105613318, 0.0036963773084028174], [0.04043504926580925, -0.0036435776835997595, 0.9991755256873215]], "fy": 352.5817234847091, "fx": 352.581723484709}, {"id": 82, "img_name": "000082.png", "width": 346, "height": 260, "position": [-1.060085669116706, -0.033555647591059376, -1.5148086492201631], "rotation": [[0.9995933900006847, 0.0008524366600458026, 0.02850136871589776], [-0.00117525031281544, 0.9999353332085241, 0.011311418472498261], [-0.02848988335604716, -0.011340315379139935, 0.9995297513298244]], "fy": 402.1908224879539, "fx": 402.1908224879539}, {"id": 83, "img_name": "000083.png", "width": 346, "height": 260, "position": [-1.2561943897327523, -0.03363118243072072, -1.4924796909039901], "rotation": [[0.9932880495769923, -0.0019554219301581325, 0.11565045132903454], [0.0006320009557194408, 0.999933916151998, 0.011478845922859608], [-0.11566525468923801, -0.011328709282342699, 0.9932236451090308]], "fy": 400.6721229462804, "fx": 400.6721229462804}, {"id": 84, "img_name": "000084.png", "width": 346, "height": 260, "position": [-1.4119120155806628, -0.0502765771323541, -1.409947837708972], "rotation": [[0.981874837801926, -0.00518786782770893, 0.1894594651075627], [0.0015083873610450486, 0.9998075476143556, 0.019559971905317972], [-0.18952447773047834, -0.018919665979345714, 0.9816936989612491]], "fy": 390.09722359919084, "fx": 390.09722359919084}, {"id": 85, "img_name": "000085.png", "width": 346, "height": 260, "position": [-1.5562007051206006, -0.04906870610337592, -1.2090283036450427], "rotation": [[0.9610371620870479, -0.012361788628618935, 0.27614264297564495], [0.006986464658408205, 0.9997666487042732, 0.020441072628484675], [-0.2763308929512768, -0.017715369613065367, 0.960899268019402]], "fy": 360.0068140874875, "fx": 360.0068140874875}, {"id": 86, "img_name": "000086.png", "width": 346, "height": 260, "position": [-1.7472859699733374, -0.07095083847869008, -1.2922535787694085], "rotation": [[0.9377732594331845, -0.0143808958159155, 0.34695028999496896], [0.0043676331189612455, 0.99955152440932, 0.029625560449430335], [-0.34722073335703824, -0.026266706807981884, 0.937415501493582]], "fy": 384.27599971170923, "fx": 384.27599971170923}, {"id": 87, "img_name": "000087.png", "width": 346, "height": 260, "position": [-1.9055249370988052, -0.08692205764732794, -1.262110673895119], "rotation": [[0.9105013961612761, -0.01556105324468788, 0.4132130941902529], [0.0005667528818851616, 0.9993376895415867, 0.03638490144076313], [-0.41350560622503985, -0.03289431384904025, 0.9099071808359703]], "fy": 390.53384491689735, "fx": 390.5338449168974}, {"id": 88, "img_name": "000088.png", "width": 346, "height": 260, "position": [-1.9920431615122252, -0.09317253512330556, -1.0802820565012174], "rotation": [[0.8777524079925869, -0.019843428895736072, 0.4787034035735227], [4.176164213426287e-05, 0.9991451177795042, 0.041340438717384], [-0.47911450460112387, -0.036266678191425296, 0.877002861759173]], "fy": 367.72580332949974, "fx": 367.72580332949974}, {"id": 89, "img_name": "000089.png", "width": 346, "height": 260, "position": [-2.17400311967205, -0.09489592998631509, -1.0505108317584964], "rotation": [[0.8364586637855516, -0.020182942371671828, 0.5476582443598483], [-0.002379027637515873, 0.9991784696444201, 0.04045647076222194], [-0.5480248571055782, -0.03514305957449291, 0.8357234718243554]], "fy": 379.95767177752407, "fx": 379.9576717775241}, {"id": 90, "img_name": "000090.png", "width": 346, "height": 260, "position": [-2.2997942314119024, -0.10962974156202913, -0.9921122438146107], "rotation": [[0.800789786441504, -0.023536767525612925, 0.5984828640031524], [-0.0051164497652240615, 0.9989222964708397, 0.04613098259547259], [-0.5989236511215519, -0.04000332720998479, 0.7998063477738598]], "fy": 384.9685052479717, "fx": 384.9685052479717}, {"id": 91, "img_name": "000091.png", "width": 346, "height": 260, "position": [-2.4036412342502436, -0.10919252471505238, -0.8828768886423766], "rotation": [[0.7583409793675651, -0.025192657101283624, 0.6513710839759617], [-0.0059532348445629985, 0.9989435738093336, 0.04556638388024561], [-0.6518308967874473, -0.03843262121185034, 0.757389870291423]], "fy": 382.69315893895623, "fx": 382.69315893895623}, {"id": 92, "img_name": "000092.png", "width": 346, "height": 260, "position": [-2.47352557155735, -0.11722796035227026, -0.7857508737970436], "rotation": [[0.7227632802102185, -0.029247432497749307, 0.6904765227522617], [-0.007880940647894186, 0.9986903198060019, 0.05055230855549234], [-0.6910507445580747, -0.041978956848341686, 0.7215861941775602]], "fy": 377.8752415128487, "fx": 377.8752415128487}, {"id": 93, "img_name": "000093.png", "width": 346, "height": 260, "position": [-2.5864351429972117, -0.12747808429764035, -0.680649545965208], "rotation": [[0.6722434448938022, -0.033365033408366516, 0.7395779373013857], [-0.010880105921708691, 0.998430798709714, 0.054932353699938395], [-0.7402502104643038, -0.044974600982569286, 0.670825544515124]], "fy": 380.8536411841591, "fx": 380.8536411841591}, {"id": 94, "img_name": "000094.png", "width": 346, "height": 260, "position": [-2.569883148409744, -0.1289534052456179, -0.4415670043121176], "rotation": [[0.6070818651875369, -0.04142252126363138, 0.7935589352358053], [-0.012534359478610459, 0.9980170306485494, 0.061683842032685725], [-0.7945404324468843, -0.047393894834845185, 0.60535883568302]], "fy": 344.09085474542957, "fx": 344.0908547454296}, {"id": 95, "img_name": "000095.png", "width": 346, "height": 260, "position": [-2.6233968324819883, -0.13686960212100396, -0.32532854436912845], "rotation": [[0.5568743648946347, -0.04664475709768686, 0.8292859629575886], [-0.016442980078079705, 0.9976071257464474, 0.0671539355962407], [-0.830433964942035, -0.05103223780327451, 0.5547748557527107]], "fy": 338.8812262941724, "fx": 338.88122629417245}, {"id": 96, "img_name": "000096.png", "width": 346, "height": 260, "position": [-2.6795822478688636, -0.13399786634045513, -0.21431204985294441], "rotation": [[0.5051135284344126, -0.04775194961028528, 0.8617308597821913], [-0.018330111539157912, 0.9976493828225522, 0.06602814524687747], [-0.86285823308554, -0.04914733219817217, 0.5030509013353447]], "fy": 336.9071630073449, "fx": 336.9071630073449}, {"id": 97, "img_name": "000097.png", "width": 346, "height": 260, "position": [-2.7021610525486284, -0.1400441326171892, -0.07440785382028901], "rotation": [[0.44639062306614774, -0.05399611808744926, 0.8932076079333976], [-0.021546440199225473, 0.9972397916348374, 0.07105314134397747], [-0.8945787626326469, -0.050962900345175345, 0.44399506780486897]], "fy": 328.22399848825734, "fx": 328.2239984882573}, {"id": 98, "img_name": "000098.png", "width": 346, "height": 260, "position": [-2.737850322087348, -0.1499512308253401, 0.05539111357029438], "rotation": [[0.3853006472483882, -0.060584024647933166, 0.9208001885248676], [-0.029903151560983228, 0.9964987376699186, 0.07807731648167505], [-0.9223064635774239, -0.05761806817064769, 0.3821399553352]], "fy": 323.3975072754094, 